#FORMAT      : EMSA/MAS Spectral Data File
#VERSION     : 1.0
#TITLE       : Spectrum 1
#DATE        : 01-APR-2024
#TIME        : 10:35
#OWNER       : 
#NPOINTS     : 2048.0
#NCOLUMNS    : 1.0
#XUNITS      : keV
#YUNITS      : counts
#DATATYPE    : XY
#XPERCHAN    : 0.01
#OFFSET      : -0.2
#SIGNALTYPE  : EDS
#CHOFFSET    : 20.0
#LIVETIME    : 59.998001099
#REALTIME    : 65.622238159
#BEAMKV      : 20.0
#MAGCAM      : 2000.0
#XTILTSTGE   : 0.0
#AZIMANGLE   : 0.0
#ELEVANGLE   : 35.0
#XPOSITION mm: 9.7729
#YPOSITION mm: -4.0065
#ZPOSITION mm: 22.0000
##OXINSTPT   : 6
##OXINSTSTROB: 46.41
##OXINSTNDET : 1
##OXINSTELEMS: 29,30,82,6,8,17,13,26
##OXINSTLABEL: 29, 8.048, Cu
##OXINSTLABEL: 29, 8.905, Cu
##OXINSTLABEL: 29, 0.930, Cu
##OXINSTLABEL: 29, 0.832, Cu
##OXINSTLABEL: 29, 0.811, Cu
##OXINSTLABEL: 30, 8.639, Zn
##OXINSTLABEL: 30, 9.572, Zn
##OXINSTLABEL: 30, 1.012, Zn
##OXINSTLABEL: 30, 0.906, Zn
##OXINSTLABEL: 30, 0.884, Zn
##OXINSTLABEL: 82, 10.552, Pb
##OXINSTLABEL: 82, 12.614, Pb
##OXINSTLABEL: 82, 12.623, Pb
##OXINSTLABEL: 82, 11.349, Pb
##OXINSTLABEL: 82, 14.765, Pb
##OXINSTLABEL: 82, 15.101, Pb
##OXINSTLABEL: 82, 9.185, Pb
##OXINSTLABEL: 82, 2.345, Pb
##OXINSTLABEL: 82, 2.653, Pb
##OXINSTLABEL: 82, 1.823, Pb
##OXINSTLABEL: 82, 0.293, Pb
##OXINSTLABEL: 82, 0.276, Pb
##OXINSTLABEL: 6, 0.277, C
##OXINSTLABEL: 8, 0.525, O
##OXINSTLABEL: 17, 2.622, Cl
##OXINSTLABEL: 17, 2.816, Cl
##OXINSTLABEL: 17, 0.181, Cl
##OXINSTLABEL: 13, 1.487, Al
##OXINSTLABEL: 26, 6.404, Fe
##OXINSTLABEL: 26, 7.058, Fe
##OXINSTLABEL: 26, 0.703, Fe
##OXINSTLABEL: 26, 0.615, Fe
#SPECTRUM    : Spectral Data Starts Here
-0.20000, 0.0
-0.19000, 0.0
-0.18000, 0.0
-0.17000, 0.0
-0.16000, 0.0
-0.15000, 0.0
-0.14000, 0.0
-0.13000, 0.0
-0.12000, 0.0
-0.11000, 0.0
-0.10000, 0.0
-0.09000, 0.0
-0.08000, 0.0
-0.07000, 3.0
-0.06000, 22.0
-0.05000, 125.0
-0.04000, 400.0
-0.03000, 1077.0
-0.02000, 2191.0
-0.01000, 3285.0
0.00000, 4086.0
0.01000, 4107.0
0.02000, 3584.0
0.03000, 2886.0
0.04000, 2246.0
0.05000, 1827.0
0.06000, 1361.0
0.07000, 957.0
0.08000, 611.0
0.09000, 376.0
0.10000, 211.0
0.11000, 142.0
0.12000, 100.0
0.13000, 101.0
0.14000, 81.0
0.15000, 77.0
0.16000, 86.0
0.17000, 89.0
0.18000, 84.0
0.19000, 81.0
0.20000, 97.0
0.21000, 111.0
0.22000, 155.0
0.23000, 182.0
0.24000, 232.0
0.25000, 347.0
0.26000, 408.0
0.27000, 432.0
0.28000, 403.0
0.29000, 310.0
0.30000, 239.0
0.31000, 181.0
0.32000, 134.0
0.33000, 117.0
0.34000, 102.0
0.35000, 116.0
0.36000, 114.0
0.37000, 132.0
0.38000, 138.0
0.39000, 150.0
0.40000, 157.0
0.41000, 174.0
0.42000, 185.0
0.43000, 179.0
0.44000, 195.0
0.45000, 202.0
0.46000, 231.0
0.47000, 292.0
0.48000, 419.0
0.49000, 491.0
0.50000, 573.0
0.51000, 633.0
0.52000, 722.0
0.53000, 676.0
0.54000, 634.0
0.55000, 502.0
0.56000, 444.0
0.57000, 399.0
0.58000, 407.0
0.59000, 352.0
0.60000, 368.0
0.61000, 370.0
0.62000, 417.0
0.63000, 400.0
0.64000, 443.0
0.65000, 447.0
0.66000, 431.0
0.67000, 477.0
0.68000, 538.0
0.69000, 570.0
0.70000, 561.0
0.71000, 589.0
0.72000, 593.0
0.73000, 641.0
0.74000, 726.0
0.75000, 797.0
0.76000, 943.0
0.77000, 1134.0
0.78000, 1482.0
0.79000, 1825.0
0.80000, 2174.0
0.81000, 2479.0
0.82000, 2610.0
0.83000, 2538.0
0.84000, 2434.0
0.85000, 2650.0
0.86000, 3136.0
0.87000, 4310.0
0.88000, 6283.0
0.89000, 9444.0
0.90000, 13347.0
0.91000, 17812.0
0.92000, 20959.0
0.93000, 22493.0
0.94000, 22021.0
0.95000, 19067.0
0.96000, 15242.0
0.97000, 11641.0
0.98000, 8816.0
0.99000, 7067.0
1.00000, 6311.0
1.01000, 6076.0
1.02000, 5692.0
1.03000, 5156.0
1.04000, 4352.0
1.05000, 3391.0
1.06000, 2419.0
1.07000, 1642.0
1.08000, 1071.0
1.09000, 723.0
1.10000, 513.0
1.11000, 362.0
1.12000, 299.0
1.13000, 272.0
1.14000, 281.0
1.15000, 243.0
1.16000, 206.0
1.17000, 230.0
1.18000, 252.0
1.19000, 238.0
1.20000, 218.0
1.21000, 208.0
1.22000, 237.0
1.23000, 228.0
1.24000, 231.0
1.25000, 245.0
1.26000, 262.0
1.27000, 255.0
1.28000, 250.0
1.29000, 243.0
1.30000, 264.0
1.31000, 265.0
1.32000, 265.0
1.33000, 257.0
1.34000, 276.0
1.35000, 275.0
1.36000, 273.0
1.37000, 273.0
1.38000, 292.0
1.39000, 274.0
1.40000, 306.0
1.41000, 275.0
1.42000, 292.0
1.43000, 283.0
1.44000, 321.0
1.45000, 307.0
1.46000, 340.0
1.47000, 356.0
1.48000, 360.0
1.49000, 371.0
1.50000, 379.0
1.51000, 396.0
1.52000, 386.0
1.53000, 348.0
1.54000, 333.0
1.55000, 327.0
1.56000, 330.0
1.57000, 316.0
1.58000, 309.0
1.59000, 290.0
1.60000, 299.0
1.61000, 314.0
1.62000, 330.0
1.63000, 319.0
1.64000, 310.0
1.65000, 342.0
1.66000, 328.0
1.67000, 321.0
1.68000, 320.0
1.69000, 340.0
1.70000, 345.0
1.71000, 382.0
1.72000, 355.0
1.73000, 387.0
1.74000, 394.0
1.75000, 413.0
1.76000, 367.0
1.77000, 411.0
1.78000, 398.0
1.79000, 417.0
1.80000, 422.0
1.81000, 390.0
1.82000, 404.0
1.83000, 402.0
1.84000, 419.0
1.85000, 394.0
1.86000, 416.0
1.87000, 377.0
1.88000, 384.0
1.89000, 395.0
1.90000, 366.0
1.91000, 359.0
1.92000, 356.0
1.93000, 364.0
1.94000, 333.0
1.95000, 319.0
1.96000, 345.0
1.97000, 379.0
1.98000, 366.0
1.99000, 357.0
2.00000, 408.0
2.01000, 390.0
2.02000, 375.0
2.03000, 385.0
2.04000, 376.0
2.05000, 391.0
2.06000, 393.0
2.07000, 391.0
2.08000, 409.0
2.09000, 374.0
2.10000, 387.0
2.11000, 394.0
2.12000, 379.0
2.13000, 400.0
2.14000, 438.0
2.15000, 427.0
2.16000, 411.0
2.17000, 453.0
2.18000, 395.0
2.19000, 425.0
2.20000, 415.0
2.21000, 423.0
2.22000, 402.0
2.23000, 443.0
2.24000, 428.0
2.25000, 429.0
2.26000, 459.0
2.27000, 461.0
2.28000, 549.0
2.29000, 637.0
2.30000, 749.0
2.31000, 889.0
2.32000, 948.0
2.33000, 1021.0
2.34000, 1104.0
2.35000, 1229.0
2.36000, 1211.0
2.37000, 1156.0
2.38000, 1055.0
2.39000, 994.0
2.40000, 930.0
2.41000, 870.0
2.42000, 883.0
2.43000, 865.0
2.44000, 900.0
2.45000, 927.0
2.46000, 879.0
2.47000, 783.0
2.48000, 707.0
2.49000, 694.0
2.50000, 635.0
2.51000, 589.0
2.52000, 529.0
2.53000, 481.0
2.54000, 422.0
2.55000, 459.0
2.56000, 450.0
2.57000, 456.0
2.58000, 461.0
2.59000, 499.0
2.60000, 499.0
2.61000, 501.0
2.62000, 537.0
2.63000, 541.0
2.64000, 519.0
2.65000, 542.0
2.66000, 506.0
2.67000, 486.0
2.68000, 476.0
2.69000, 451.0
2.70000, 431.0
2.71000, 427.0
2.72000, 414.0
2.73000, 444.0
2.74000, 427.0
2.75000, 423.0
2.76000, 390.0
2.77000, 399.0
2.78000, 403.0
2.79000, 432.0
2.80000, 405.0
2.81000, 395.0
2.82000, 403.0
2.83000, 418.0
2.84000, 392.0
2.85000, 402.0
2.86000, 423.0
2.87000, 416.0
2.88000, 398.0
2.89000, 413.0
2.90000, 381.0
2.91000, 352.0
2.92000, 404.0
2.93000, 397.0
2.94000, 379.0
2.95000, 398.0
2.96000, 376.0
2.97000, 396.0
2.98000, 371.0
2.99000, 384.0
3.00000, 410.0
3.01000, 407.0
3.02000, 384.0
3.03000, 406.0
3.04000, 414.0
3.05000, 389.0
3.06000, 398.0
3.07000, 401.0
3.08000, 424.0
3.09000, 424.0
3.10000, 428.0
3.11000, 379.0
3.12000, 385.0
3.13000, 414.0
3.14000, 384.0
3.15000, 383.0
3.16000, 410.0
3.17000, 398.0
3.18000, 386.0
3.19000, 359.0
3.20000, 395.0
3.21000, 382.0
3.22000, 382.0
3.23000, 370.0
3.24000, 376.0
3.25000, 374.0
3.26000, 398.0
3.27000, 414.0
3.28000, 373.0
3.29000, 401.0
3.30000, 364.0
3.31000, 378.0
3.32000, 405.0
3.33000, 391.0
3.34000, 391.0
3.35000, 372.0
3.36000, 397.0
3.37000, 367.0
3.38000, 413.0
3.39000, 424.0
3.40000, 379.0
3.41000, 367.0
3.42000, 379.0
3.43000, 401.0
3.44000, 393.0
3.45000, 392.0
3.46000, 382.0
3.47000, 427.0
3.48000, 384.0
3.49000, 385.0
3.50000, 378.0
3.51000, 387.0
3.52000, 377.0
3.53000, 366.0
3.54000, 347.0
3.55000, 382.0
3.56000, 382.0
3.57000, 371.0
3.58000, 385.0
3.59000, 387.0
3.60000, 394.0
3.61000, 362.0
3.62000, 386.0
3.63000, 375.0
3.64000, 357.0
3.65000, 388.0
3.66000, 377.0
3.67000, 393.0
3.68000, 376.0
3.69000, 351.0
3.70000, 338.0
3.71000, 356.0
3.72000, 381.0
3.73000, 342.0
3.74000, 373.0
3.75000, 361.0
3.76000, 352.0
3.77000, 342.0
3.78000, 373.0
3.79000, 349.0
3.80000, 363.0
3.81000, 348.0
3.82000, 364.0
3.83000, 331.0
3.84000, 303.0
3.85000, 346.0
3.86000, 346.0
3.87000, 330.0
3.88000, 345.0
3.89000, 313.0
3.90000, 328.0
3.91000, 345.0
3.92000, 387.0
3.93000, 385.0
3.94000, 339.0
3.95000, 359.0
3.96000, 347.0
3.97000, 320.0
3.98000, 331.0
3.99000, 347.0
4.00000, 340.0
4.01000, 337.0
4.02000, 335.0
4.03000, 328.0
4.04000, 362.0
4.05000, 322.0
4.06000, 333.0
4.07000, 344.0
4.08000, 346.0
4.09000, 324.0
4.10000, 330.0
4.11000, 352.0
4.12000, 335.0
4.13000, 306.0
4.14000, 320.0
4.15000, 318.0
4.16000, 343.0
4.17000, 302.0
4.18000, 318.0
4.19000, 305.0
4.20000, 309.0
4.21000, 303.0
4.22000, 286.0
4.23000, 355.0
4.24000, 336.0
4.25000, 316.0
4.26000, 330.0
4.27000, 308.0
4.28000, 314.0
4.29000, 297.0
4.30000, 329.0
4.31000, 313.0
4.32000, 313.0
4.33000, 288.0
4.34000, 320.0
4.35000, 308.0
4.36000, 289.0
4.37000, 277.0
4.38000, 314.0
4.39000, 296.0
4.40000, 308.0
4.41000, 309.0
4.42000, 305.0
4.43000, 297.0
4.44000, 316.0
4.45000, 296.0
4.46000, 295.0
4.47000, 304.0
4.48000, 312.0
4.49000, 304.0
4.50000, 324.0
4.51000, 310.0
4.52000, 306.0
4.53000, 297.0
4.54000, 333.0
4.55000, 291.0
4.56000, 302.0
4.57000, 274.0
4.58000, 288.0
4.59000, 308.0
4.60000, 301.0
4.61000, 299.0
4.62000, 294.0
4.63000, 309.0
4.64000, 314.0
4.65000, 299.0
4.66000, 302.0
4.67000, 277.0
4.68000, 267.0
4.69000, 304.0
4.70000, 286.0
4.71000, 275.0
4.72000, 280.0
4.73000, 276.0
4.74000, 298.0
4.75000, 283.0
4.76000, 291.0
4.77000, 295.0
4.78000, 272.0
4.79000, 269.0
4.80000, 295.0
4.81000, 279.0
4.82000, 279.0
4.83000, 257.0
4.84000, 266.0
4.85000, 255.0
4.86000, 267.0
4.87000, 247.0
4.88000, 274.0
4.89000, 266.0
4.90000, 293.0
4.91000, 278.0
4.92000, 277.0
4.93000, 261.0
4.94000, 259.0
4.95000, 246.0
4.96000, 260.0
4.97000, 264.0
4.98000, 260.0
4.99000, 233.0
5.00000, 286.0
5.01000, 251.0
5.02000, 270.0
5.03000, 284.0
5.04000, 266.0
5.05000, 281.0
5.06000, 280.0
5.07000, 261.0
5.08000, 270.0
5.09000, 278.0
5.10000, 263.0
5.11000, 257.0
5.12000, 258.0
5.13000, 278.0
5.14000, 294.0
5.15000, 251.0
5.16000, 278.0
5.17000, 252.0
5.18000, 245.0
5.19000, 264.0
5.20000, 253.0
5.21000, 253.0
5.22000, 265.0
5.23000, 242.0
5.24000, 247.0
5.25000, 228.0
5.26000, 239.0
5.27000, 266.0
5.28000, 250.0
5.29000, 259.0
5.30000, 268.0
5.31000, 244.0
5.32000, 262.0
5.33000, 257.0
5.34000, 244.0
5.35000, 248.0
5.36000, 238.0
5.37000, 248.0
5.38000, 269.0
5.39000, 269.0
5.40000, 257.0
5.41000, 260.0
5.42000, 244.0
5.43000, 233.0
5.44000, 261.0
5.45000, 257.0
5.46000, 248.0
5.47000, 232.0
5.48000, 239.0
5.49000, 211.0
5.50000, 231.0
5.51000, 251.0
5.52000, 240.0
5.53000, 222.0
5.54000, 238.0
5.55000, 229.0
5.56000, 258.0
5.57000, 240.0
5.58000, 228.0
5.59000, 214.0
5.60000, 199.0
5.61000, 215.0
5.62000, 216.0
5.63000, 218.0
5.64000, 249.0
5.65000, 248.0
5.66000, 231.0
5.67000, 195.0
5.68000, 220.0
5.69000, 227.0
5.70000, 230.0
5.71000, 219.0
5.72000, 213.0
5.73000, 218.0
5.74000, 206.0
5.75000, 228.0
5.76000, 224.0
5.77000, 241.0
5.78000, 231.0
5.79000, 230.0
5.80000, 225.0
5.81000, 242.0
5.82000, 228.0
5.83000, 209.0
5.84000, 224.0
5.85000, 233.0
5.86000, 205.0
5.87000, 239.0
5.88000, 224.0
5.89000, 228.0
5.90000, 236.0
5.91000, 211.0
5.92000, 204.0
5.93000, 211.0
5.94000, 199.0
5.95000, 174.0
5.96000, 195.0
5.97000, 204.0
5.98000, 211.0
5.99000, 191.0
6.00000, 225.0
6.01000, 222.0
6.02000, 208.0
6.03000, 211.0
6.04000, 207.0
6.05000, 212.0
6.06000, 187.0
6.07000, 178.0
6.08000, 193.0
6.09000, 196.0
6.10000, 203.0
6.11000, 194.0
6.12000, 192.0
6.13000, 184.0
6.14000, 179.0
6.15000, 210.0
6.16000, 203.0
6.17000, 199.0
6.18000, 204.0
6.19000, 199.0
6.20000, 218.0
6.21000, 192.0
6.22000, 180.0
6.23000, 211.0
6.24000, 204.0
6.25000, 189.0
6.26000, 215.0
6.27000, 203.0
6.28000, 212.0
6.29000, 189.0
6.30000, 208.0
6.31000, 220.0
6.32000, 221.0
6.33000, 229.0
6.34000, 245.0
6.35000, 264.0
6.36000, 234.0
6.37000, 263.0
6.38000, 262.0
6.39000, 229.0
6.40000, 273.0
6.41000, 201.0
6.42000, 233.0
6.43000, 233.0
6.44000, 229.0
6.45000, 226.0
6.46000, 226.0
6.47000, 213.0
6.48000, 187.0
6.49000, 214.0
6.50000, 203.0
6.51000, 193.0
6.52000, 185.0
6.53000, 223.0
6.54000, 154.0
6.55000, 199.0
6.56000, 212.0
6.57000, 195.0
6.58000, 186.0
6.59000, 192.0
6.60000, 211.0
6.61000, 183.0
6.62000, 187.0
6.63000, 210.0
6.64000, 196.0
6.65000, 166.0
6.66000, 187.0
6.67000, 181.0
6.68000, 172.0
6.69000, 167.0
6.70000, 179.0
6.71000, 184.0
6.72000, 178.0
6.73000, 179.0
6.74000, 169.0
6.75000, 185.0
6.76000, 187.0
6.77000, 189.0
6.78000, 199.0
6.79000, 182.0
6.80000, 173.0
6.81000, 187.0
6.82000, 213.0
6.83000, 204.0
6.84000, 155.0
6.85000, 192.0
6.86000, 187.0
6.87000, 195.0
6.88000, 156.0
6.89000, 180.0
6.90000, 181.0
6.91000, 160.0
6.92000, 172.0
6.93000, 197.0
6.94000, 191.0
6.95000, 186.0
6.96000, 182.0
6.97000, 178.0
6.98000, 171.0
6.99000, 200.0
7.00000, 180.0
7.01000, 175.0
7.02000, 178.0
7.03000, 171.0
7.04000, 196.0
7.05000, 151.0
7.06000, 180.0
7.07000, 195.0
7.08000, 189.0
7.09000, 178.0
7.10000, 163.0
7.11000, 169.0
7.12000, 168.0
7.13000, 160.0
7.14000, 161.0
7.15000, 162.0
7.16000, 163.0
7.17000, 165.0
7.18000, 162.0
7.19000, 165.0
7.20000, 158.0
7.21000, 159.0
7.22000, 146.0
7.23000, 163.0
7.24000, 169.0
7.25000, 170.0
7.26000, 157.0
7.27000, 161.0
7.28000, 155.0
7.29000, 168.0
7.30000, 159.0
7.31000, 166.0
7.32000, 177.0
7.33000, 146.0
7.34000, 163.0
7.35000, 161.0
7.36000, 157.0
7.37000, 161.0
7.38000, 169.0
7.39000, 145.0
7.40000, 174.0
7.41000, 161.0
7.42000, 155.0
7.43000, 150.0
7.44000, 177.0
7.45000, 156.0
7.46000, 141.0
7.47000, 197.0
7.48000, 165.0
7.49000, 174.0
7.50000, 160.0
7.51000, 154.0
7.52000, 163.0
7.53000, 155.0
7.54000, 167.0
7.55000, 159.0
7.56000, 141.0
7.57000, 168.0
7.58000, 150.0
7.59000, 152.0
7.60000, 151.0
7.61000, 148.0
7.62000, 142.0
7.63000, 167.0
7.64000, 157.0
7.65000, 163.0
7.66000, 168.0
7.67000, 147.0
7.68000, 159.0
7.69000, 149.0
7.70000, 146.0
7.71000, 142.0
7.72000, 154.0
7.73000, 150.0
7.74000, 149.0
7.75000, 154.0
7.76000, 141.0
7.77000, 155.0
7.78000, 171.0
7.79000, 173.0
7.80000, 177.0
7.81000, 162.0
7.82000, 186.0
7.83000, 189.0
7.84000, 222.0
7.85000, 233.0
7.86000, 223.0
7.87000, 273.0
7.88000, 358.0
7.89000, 477.0
7.90000, 582.0
7.91000, 768.0
7.92000, 959.0
7.93000, 1313.0
7.94000, 1637.0
7.95000, 1983.0
7.96000, 2457.0
7.97000, 2902.0
7.98000, 3364.0
7.99000, 3992.0
8.00000, 4414.0
8.01000, 4891.0
8.02000, 4923.0
8.03000, 5227.0
8.04000, 5346.0
8.05000, 5227.0
8.06000, 4947.0
8.07000, 4744.0
8.08000, 4297.0
8.09000, 3945.0
8.10000, 3337.0
8.11000, 2791.0
8.12000, 2342.0
8.13000, 1907.0
8.14000, 1558.0
8.15000, 1229.0
8.16000, 965.0
8.17000, 701.0
8.18000, 551.0
8.19000, 445.0
8.20000, 311.0
8.21000, 254.0
8.22000, 221.0
8.23000, 204.0
8.24000, 177.0
8.25000, 147.0
8.26000, 148.0
8.27000, 164.0
8.28000, 159.0
8.29000, 111.0
8.30000, 145.0
8.31000, 116.0
8.32000, 107.0
8.33000, 124.0
8.34000, 136.0
8.35000, 143.0
8.36000, 134.0
8.37000, 137.0
8.38000, 144.0
8.39000, 148.0
8.40000, 136.0
8.41000, 150.0
8.42000, 169.0
8.43000, 182.0
8.44000, 171.0
8.45000, 186.0
8.46000, 222.0
8.47000, 241.0
8.48000, 309.0
8.49000, 378.0
8.50000, 480.0
8.51000, 601.0
8.52000, 747.0
8.53000, 865.0
8.54000, 1069.0
8.55000, 1298.0
8.56000, 1504.0
8.57000, 1758.0
8.58000, 1949.0
8.59000, 2096.0
8.60000, 2323.0
8.61000, 2389.0
8.62000, 2545.0
8.63000, 2473.0
8.64000, 2430.0
8.65000, 2381.0
8.66000, 2182.0
8.67000, 2069.0
8.68000, 1843.0
8.69000, 1550.0
8.70000, 1337.0
8.71000, 1174.0
8.72000, 1023.0
8.73000, 851.0
8.74000, 688.0
8.75000, 562.0
8.76000, 512.0
8.77000, 441.0
8.78000, 400.0
8.79000, 401.0
8.80000, 416.0
8.81000, 419.0
8.82000, 443.0
8.83000, 521.0
8.84000, 560.0
8.85000, 588.0
8.86000, 675.0
8.87000, 714.0
8.88000, 771.0
8.89000, 740.0
8.90000, 758.0
8.91000, 784.0
8.92000, 780.0
8.93000, 746.0
8.94000, 700.0
8.95000, 647.0
8.96000, 595.0
8.97000, 520.0
8.98000, 432.0
8.99000, 388.0
9.00000, 327.0
9.01000, 275.0
9.02000, 242.0
9.03000, 214.0
9.04000, 167.0
9.05000, 160.0
9.06000, 121.0
9.07000, 137.0
9.08000, 144.0
9.09000, 107.0
9.10000, 111.0
9.11000, 111.0
9.12000, 118.0
9.13000, 124.0
9.14000, 108.0
9.15000, 100.0
9.16000, 107.0
9.17000, 104.0
9.18000, 123.0
9.19000, 101.0
9.20000, 109.0
9.21000, 102.0
9.22000, 126.0
9.23000, 113.0
9.24000, 106.0
9.25000, 90.0
9.26000, 91.0
9.27000, 102.0
9.28000, 100.0
9.29000, 99.0
9.30000, 110.0
9.31000, 111.0
9.32000, 88.0
9.33000, 100.0
9.34000, 103.0
9.35000, 92.0
9.36000, 90.0
9.37000, 97.0
9.38000, 115.0
9.39000, 112.0
9.40000, 111.0
9.41000, 101.0
9.42000, 143.0
9.43000, 134.0
9.44000, 159.0
9.45000, 175.0
9.46000, 167.0
9.47000, 187.0
9.48000, 234.0
9.49000, 260.0
9.50000, 271.0
9.51000, 317.0
9.52000, 312.0
9.53000, 356.0
9.54000, 334.0
9.55000, 380.0
9.56000, 425.0
9.57000, 390.0
9.58000, 367.0
9.59000, 361.0
9.60000, 343.0
9.61000, 369.0
9.62000, 310.0
9.63000, 279.0
9.64000, 232.0
9.65000, 211.0
9.66000, 212.0
9.67000, 170.0
9.68000, 154.0
9.69000, 135.0
9.70000, 122.0
9.71000, 127.0
9.72000, 101.0
9.73000, 91.0
9.74000, 92.0
9.75000, 109.0
9.76000, 105.0
9.77000, 108.0
9.78000, 97.0
9.79000, 64.0
9.80000, 95.0
9.81000, 85.0
9.82000, 89.0
9.83000, 90.0
9.84000, 93.0
9.85000, 80.0
9.86000, 73.0
9.87000, 81.0
9.88000, 67.0
9.89000, 70.0
9.90000, 104.0
9.91000, 77.0
9.92000, 72.0
9.93000, 80.0
9.94000, 75.0
9.95000, 78.0
9.96000, 96.0
9.97000, 76.0
9.98000, 77.0
9.99000, 78.0
10.00000, 103.0
10.01000, 77.0
10.02000, 78.0
10.03000, 84.0
10.04000, 79.0
10.05000, 87.0
10.06000, 69.0
10.07000, 77.0
10.08000, 71.0
10.09000, 79.0
10.10000, 81.0
10.11000, 77.0
10.12000, 91.0
10.13000, 66.0
10.14000, 79.0
10.15000, 73.0
10.16000, 65.0
10.17000, 65.0
10.18000, 64.0
10.19000, 72.0
10.20000, 69.0
10.21000, 74.0
10.22000, 82.0
10.23000, 74.0
10.24000, 79.0
10.25000, 72.0
10.26000, 70.0
10.27000, 65.0
10.28000, 73.0
10.29000, 67.0
10.30000, 70.0
10.31000, 84.0
10.32000, 70.0
10.33000, 87.0
10.34000, 82.0
10.35000, 81.0
10.36000, 95.0
10.37000, 75.0
10.38000, 82.0
10.39000, 89.0
10.40000, 101.0
10.41000, 102.0
10.42000, 93.0
10.43000, 98.0
10.44000, 88.0
10.45000, 98.0
10.46000, 110.0
10.47000, 108.0
10.48000, 116.0
10.49000, 106.0
10.50000, 130.0
10.51000, 112.0
10.52000, 118.0
10.53000, 117.0
10.54000, 120.0
10.55000, 126.0
10.56000, 152.0
10.57000, 108.0
10.58000, 117.0
10.59000, 123.0
10.60000, 109.0
10.61000, 103.0
10.62000, 86.0
10.63000, 109.0
10.64000, 90.0
10.65000, 87.0
10.66000, 71.0
10.67000, 85.0
10.68000, 67.0
10.69000, 77.0
10.70000, 70.0
10.71000, 88.0
10.72000, 78.0
10.73000, 55.0
10.74000, 96.0
10.75000, 71.0
10.76000, 71.0
10.77000, 63.0
10.78000, 81.0
10.79000, 81.0
10.80000, 62.0
10.81000, 70.0
10.82000, 62.0
10.83000, 68.0
10.84000, 68.0
10.85000, 62.0
10.86000, 63.0
10.87000, 53.0
10.88000, 68.0
10.89000, 72.0
10.90000, 72.0
10.91000, 82.0
10.92000, 67.0
10.93000, 68.0
10.94000, 60.0
10.95000, 71.0
10.96000, 72.0
10.97000, 75.0
10.98000, 50.0
10.99000, 75.0
11.00000, 67.0
11.01000, 64.0
11.02000, 80.0
11.03000, 52.0
11.04000, 63.0
11.05000, 64.0
11.06000, 88.0
11.07000, 64.0
11.08000, 70.0
11.09000, 65.0
11.10000, 60.0
11.11000, 60.0
11.12000, 60.0
11.13000, 57.0
11.14000, 68.0
11.15000, 80.0
11.16000, 53.0
11.17000, 64.0
11.18000, 66.0
11.19000, 50.0
11.20000, 65.0
11.21000, 55.0
11.22000, 67.0
11.23000, 62.0
11.24000, 65.0
11.25000, 66.0
11.26000, 63.0
11.27000, 57.0
11.28000, 73.0
11.29000, 50.0
11.30000, 59.0
11.31000, 64.0
11.32000, 62.0
11.33000, 60.0
11.34000, 56.0
11.35000, 59.0
11.36000, 67.0
11.37000, 60.0
11.38000, 56.0
11.39000, 74.0
11.40000, 72.0
11.41000, 56.0
11.42000, 63.0
11.43000, 65.0
11.44000, 58.0
11.45000, 49.0
11.46000, 47.0
11.47000, 55.0
11.48000, 48.0
11.49000, 53.0
11.50000, 62.0
11.51000, 67.0
11.52000, 69.0
11.53000, 55.0
11.54000, 57.0
11.55000, 57.0
11.56000, 53.0
11.57000, 64.0
11.58000, 60.0
11.59000, 47.0
11.60000, 77.0
11.61000, 51.0
11.62000, 66.0
11.63000, 64.0
11.64000, 53.0
11.65000, 63.0
11.66000, 54.0
11.67000, 52.0
11.68000, 56.0
11.69000, 63.0
11.70000, 54.0
11.71000, 42.0
11.72000, 59.0
11.73000, 58.0
11.74000, 70.0
11.75000, 60.0
11.76000, 60.0
11.77000, 50.0
11.78000, 53.0
11.79000, 60.0
11.80000, 65.0
11.81000, 52.0
11.82000, 56.0
11.83000, 48.0
11.84000, 60.0
11.85000, 50.0
11.86000, 56.0
11.87000, 58.0
11.88000, 55.0
11.89000, 41.0
11.90000, 45.0
11.91000, 56.0
11.92000, 54.0
11.93000, 54.0
11.94000, 56.0
11.95000, 63.0
11.96000, 57.0
11.97000, 52.0
11.98000, 49.0
11.99000, 54.0
12.00000, 53.0
12.01000, 54.0
12.02000, 41.0
12.03000, 49.0
12.04000, 54.0
12.05000, 56.0
12.06000, 52.0
12.07000, 61.0
12.08000, 50.0
12.09000, 53.0
12.10000, 42.0
12.11000, 41.0
12.12000, 51.0
12.13000, 39.0
12.14000, 40.0
12.15000, 52.0
12.16000, 55.0
12.17000, 55.0
12.18000, 41.0
12.19000, 49.0
12.20000, 38.0
12.21000, 67.0
12.22000, 58.0
12.23000, 48.0
12.24000, 50.0
12.25000, 53.0
12.26000, 51.0
12.27000, 59.0
12.28000, 56.0
12.29000, 50.0
12.30000, 48.0
12.31000, 46.0
12.32000, 54.0
12.33000, 43.0
12.34000, 47.0
12.35000, 55.0
12.36000, 53.0
12.37000, 48.0
12.38000, 52.0
12.39000, 50.0
12.40000, 54.0
12.41000, 59.0
12.42000, 52.0
12.43000, 49.0
12.44000, 41.0
12.45000, 49.0
12.46000, 49.0
12.47000, 59.0
12.48000, 50.0
12.49000, 55.0
12.50000, 40.0
12.51000, 48.0
12.52000, 60.0
12.53000, 51.0
12.54000, 57.0
12.55000, 61.0
12.56000, 51.0
12.57000, 48.0
12.58000, 59.0
12.59000, 62.0
12.60000, 74.0
12.61000, 66.0
12.62000, 52.0
12.63000, 59.0
12.64000, 68.0
12.65000, 59.0
12.66000, 67.0
12.67000, 59.0
12.68000, 53.0
12.69000, 66.0
12.70000, 54.0
12.71000, 56.0
12.72000, 52.0
12.73000, 43.0
12.74000, 56.0
12.75000, 50.0
12.76000, 46.0
12.77000, 39.0
12.78000, 49.0
12.79000, 56.0
12.80000, 51.0
12.81000, 36.0
12.82000, 49.0
12.83000, 47.0
12.84000, 52.0
12.85000, 44.0
12.86000, 44.0
12.87000, 37.0
12.88000, 45.0
12.89000, 43.0
12.90000, 45.0
12.91000, 34.0
12.92000, 56.0
12.93000, 31.0
12.94000, 39.0
12.95000, 41.0
12.96000, 39.0
12.97000, 43.0
12.98000, 38.0
12.99000, 36.0
13.00000, 49.0
13.01000, 41.0
13.02000, 35.0
13.03000, 43.0
13.04000, 41.0
13.05000, 44.0
13.06000, 43.0
13.07000, 27.0
13.08000, 36.0
13.09000, 38.0
13.10000, 45.0
13.11000, 34.0
13.12000, 35.0
13.13000, 33.0
13.14000, 35.0
13.15000, 39.0
13.16000, 38.0
13.17000, 38.0
13.18000, 33.0
13.19000, 31.0
13.20000, 44.0
13.21000, 34.0
13.22000, 37.0
13.23000, 42.0
13.24000, 44.0
13.25000, 37.0
13.26000, 40.0
13.27000, 44.0
13.28000, 38.0
13.29000, 41.0
13.30000, 55.0
13.31000, 28.0
13.32000, 47.0
13.33000, 35.0
13.34000, 28.0
13.35000, 31.0
13.36000, 30.0
13.37000, 42.0
13.38000, 28.0
13.39000, 23.0
13.40000, 41.0
13.41000, 37.0
13.42000, 27.0
13.43000, 21.0
13.44000, 38.0
13.45000, 37.0
13.46000, 39.0
13.47000, 32.0
13.48000, 37.0
13.49000, 44.0
13.50000, 37.0
13.51000, 28.0
13.52000, 31.0
13.53000, 36.0
13.54000, 44.0
13.55000, 32.0
13.56000, 30.0
13.57000, 31.0
13.58000, 28.0
13.59000, 37.0
13.60000, 28.0
13.61000, 35.0
13.62000, 39.0
13.63000, 28.0
13.64000, 36.0
13.65000, 36.0
13.66000, 31.0
13.67000, 33.0
13.68000, 40.0
13.69000, 39.0
13.70000, 32.0
13.71000, 31.0
13.72000, 31.0
13.73000, 29.0
13.74000, 39.0
13.75000, 28.0
13.76000, 22.0
13.77000, 21.0
13.78000, 33.0
13.79000, 25.0
13.80000, 33.0
13.81000, 26.0
13.82000, 30.0
13.83000, 37.0
13.84000, 37.0
13.85000, 37.0
13.86000, 31.0
13.87000, 30.0
13.88000, 38.0
13.89000, 29.0
13.90000, 24.0
13.91000, 36.0
13.92000, 28.0
13.93000, 22.0
13.94000, 27.0
13.95000, 33.0
13.96000, 33.0
13.97000, 38.0
13.98000, 33.0
13.99000, 33.0
14.00000, 28.0
14.01000, 23.0
14.02000, 34.0
14.03000, 25.0
14.04000, 24.0
14.05000, 31.0
14.06000, 38.0
14.07000, 25.0
14.08000, 31.0
14.09000, 26.0
14.10000, 35.0
14.11000, 21.0
14.12000, 33.0
14.13000, 27.0
14.14000, 29.0
14.15000, 29.0
14.16000, 35.0
14.17000, 20.0
14.18000, 32.0
14.19000, 25.0
14.20000, 26.0
14.21000, 33.0
14.22000, 25.0
14.23000, 24.0
14.24000, 32.0
14.25000, 21.0
14.26000, 34.0
14.27000, 28.0
14.28000, 25.0
14.29000, 27.0
14.30000, 27.0
14.31000, 31.0
14.32000, 40.0
14.33000, 33.0
14.34000, 35.0
14.35000, 29.0
14.36000, 29.0
14.37000, 26.0
14.38000, 25.0
14.39000, 29.0
14.40000, 21.0
14.41000, 17.0
14.42000, 30.0
14.43000, 32.0
14.44000, 20.0
14.45000, 25.0
14.46000, 21.0
14.47000, 24.0
14.48000, 26.0
14.49000, 24.0
14.50000, 19.0
14.51000, 21.0
14.52000, 28.0
14.53000, 29.0
14.54000, 23.0
14.55000, 13.0
14.56000, 22.0
14.57000, 21.0
14.58000, 26.0
14.59000, 28.0
14.60000, 22.0
14.61000, 27.0
14.62000, 25.0
14.63000, 22.0
14.64000, 21.0
14.65000, 24.0
14.66000, 20.0
14.67000, 26.0
14.68000, 27.0
14.69000, 25.0
14.70000, 16.0
14.71000, 20.0
14.72000, 30.0
14.73000, 33.0
14.74000, 28.0
14.75000, 28.0
14.76000, 24.0
14.77000, 25.0
14.78000, 29.0
14.79000, 26.0
14.80000, 22.0
14.81000, 30.0
14.82000, 19.0
14.83000, 19.0
14.84000, 21.0
14.85000, 20.0
14.86000, 21.0
14.87000, 17.0
14.88000, 29.0
14.89000, 18.0
14.90000, 18.0
14.91000, 25.0
14.92000, 28.0
14.93000, 22.0
14.94000, 28.0
14.95000, 25.0
14.96000, 14.0
14.97000, 34.0
14.98000, 20.0
14.99000, 15.0
15.00000, 19.0
15.01000, 23.0
15.02000, 26.0
15.03000, 30.0
15.04000, 27.0
15.05000, 23.0
15.06000, 26.0
15.07000, 29.0
15.08000, 19.0
15.09000, 28.0
15.10000, 16.0
15.11000, 15.0
15.12000, 24.0
15.13000, 21.0
15.14000, 22.0
15.15000, 18.0
15.16000, 21.0
15.17000, 21.0
15.18000, 21.0
15.19000, 18.0
15.20000, 23.0
15.21000, 22.0
15.22000, 13.0
15.23000, 21.0
15.24000, 18.0
15.25000, 16.0
15.26000, 13.0
15.27000, 15.0
15.28000, 19.0
15.29000, 16.0
15.30000, 11.0
15.31000, 22.0
15.32000, 18.0
15.33000, 11.0
15.34000, 15.0
15.35000, 23.0
15.36000, 16.0
15.37000, 21.0
15.38000, 21.0
15.39000, 18.0
15.40000, 14.0
15.41000, 23.0
15.42000, 18.0
15.43000, 13.0
15.44000, 16.0
15.45000, 18.0
15.46000, 19.0
15.47000, 10.0
15.48000, 10.0
15.49000, 14.0
15.50000, 15.0
15.51000, 21.0
15.52000, 16.0
15.53000, 19.0
15.54000, 14.0
15.55000, 16.0
15.56000, 17.0
15.57000, 18.0
15.58000, 12.0
15.59000, 16.0
15.60000, 18.0
15.61000, 17.0
15.62000, 13.0
15.63000, 17.0
15.64000, 14.0
15.65000, 17.0
15.66000, 12.0
15.67000, 17.0
15.68000, 18.0
15.69000, 14.0
15.70000, 17.0
15.71000, 19.0
15.72000, 20.0
15.73000, 16.0
15.74000, 13.0
15.75000, 11.0
15.76000, 17.0
15.77000, 15.0
15.78000, 11.0
15.79000, 11.0
15.80000, 15.0
15.81000, 18.0
15.82000, 18.0
15.83000, 18.0
15.84000, 13.0
15.85000, 11.0
15.86000, 8.0
15.87000, 18.0
15.88000, 13.0
15.89000, 13.0
15.90000, 10.0
15.91000, 15.0
15.92000, 8.0
15.93000, 9.0
15.94000, 13.0
15.95000, 12.0
15.96000, 13.0
15.97000, 16.0
15.98000, 11.0
15.99000, 26.0
16.00000, 21.0
16.01000, 16.0
16.02000, 12.0
16.03000, 12.0
16.04000, 16.0
16.05000, 20.0
16.06000, 21.0
16.07000, 11.0
16.08000, 16.0
16.09000, 13.0
16.10000, 18.0
16.11000, 16.0
16.12000, 11.0
16.13000, 15.0
16.14000, 13.0
16.15000, 12.0
16.16000, 13.0
16.17000, 15.0
16.18000, 19.0
16.19000, 17.0
16.20000, 15.0
16.21000, 13.0
16.22000, 15.0
16.23000, 9.0
16.24000, 10.0
16.25000, 19.0
16.26000, 11.0
16.27000, 11.0
16.28000, 15.0
16.29000, 9.0
16.30000, 11.0
16.31000, 14.0
16.32000, 10.0
16.33000, 6.0
16.34000, 10.0
16.35000, 14.0
16.36000, 17.0
16.37000, 12.0
16.38000, 15.0
16.39000, 13.0
16.40000, 16.0
16.41000, 13.0
16.42000, 15.0
16.43000, 12.0
16.44000, 10.0
16.45000, 14.0
16.46000, 14.0
16.47000, 15.0
16.48000, 13.0
16.49000, 11.0
16.50000, 10.0
16.51000, 13.0
16.52000, 11.0
16.53000, 9.0
16.54000, 15.0
16.55000, 10.0
16.56000, 8.0
16.57000, 10.0
16.58000, 13.0
16.59000, 14.0
16.60000, 12.0
16.61000, 12.0
16.62000, 14.0
16.63000, 11.0
16.64000, 14.0
16.65000, 16.0
16.66000, 8.0
16.67000, 13.0
16.68000, 16.0
16.69000, 13.0
16.70000, 12.0
16.71000, 15.0
16.72000, 14.0
16.73000, 10.0
16.74000, 13.0
16.75000, 14.0
16.76000, 9.0
16.77000, 15.0
16.78000, 12.0
16.79000, 8.0
16.80000, 6.0
16.81000, 12.0
16.82000, 11.0
16.83000, 12.0
16.84000, 10.0
16.85000, 5.0
16.86000, 11.0
16.87000, 10.0
16.88000, 8.0
16.89000, 17.0
16.90000, 11.0
16.91000, 7.0
16.92000, 13.0
16.93000, 11.0
16.94000, 12.0
16.95000, 15.0
16.96000, 18.0
16.97000, 11.0
16.98000, 12.0
16.99000, 8.0
17.00000, 6.0
17.01000, 9.0
17.02000, 8.0
17.03000, 10.0
17.04000, 7.0
17.05000, 6.0
17.06000, 9.0
17.07000, 9.0
17.08000, 10.0
17.09000, 7.0
17.10000, 6.0
17.11000, 8.0
17.12000, 9.0
17.13000, 7.0
17.14000, 4.0
17.15000, 7.0
17.16000, 7.0
17.17000, 9.0
17.18000, 8.0
17.19000, 8.0
17.20000, 11.0
17.21000, 8.0
17.22000, 10.0
17.23000, 11.0
17.24000, 12.0
17.25000, 5.0
17.26000, 8.0
17.27000, 7.0
17.28000, 8.0
17.29000, 6.0
17.30000, 4.0
17.31000, 9.0
17.32000, 9.0
17.33000, 6.0
17.34000, 9.0
17.35000, 11.0
17.36000, 8.0
17.37000, 8.0
17.38000, 10.0
17.39000, 8.0
17.40000, 6.0
17.41000, 3.0
17.42000, 5.0
17.43000, 10.0
17.44000, 7.0
17.45000, 9.0
17.46000, 6.0
17.47000, 8.0
17.48000, 7.0
17.49000, 12.0
17.50000, 6.0
17.51000, 8.0
17.52000, 8.0
17.53000, 6.0
17.54000, 13.0
17.55000, 11.0
17.56000, 8.0
17.57000, 5.0
17.58000, 7.0
17.59000, 7.0
17.60000, 5.0
17.61000, 10.0
17.62000, 6.0
17.63000, 6.0
17.64000, 6.0
17.65000, 9.0
17.66000, 4.0
17.67000, 7.0
17.68000, 6.0
17.69000, 4.0
17.70000, 7.0
17.71000, 5.0
17.72000, 8.0
17.73000, 5.0
17.74000, 5.0
17.75000, 4.0
17.76000, 9.0
17.77000, 6.0
17.78000, 8.0
17.79000, 7.0
17.80000, 7.0
17.81000, 3.0
17.82000, 6.0
17.83000, 4.0
17.84000, 4.0
17.85000, 4.0
17.86000, 6.0
17.87000, 5.0
17.88000, 4.0
17.89000, 4.0
17.90000, 5.0
17.91000, 4.0
17.92000, 6.0
17.93000, 2.0
17.94000, 3.0
17.95000, 5.0
17.96000, 6.0
17.97000, 6.0
17.98000, 3.0
17.99000, 5.0
18.00000, 4.0
18.01000, 8.0
18.02000, 3.0
18.03000, 3.0
18.04000, 4.0
18.05000, 2.0
18.06000, 4.0
18.07000, 7.0
18.08000, 6.0
18.09000, 12.0
18.10000, 8.0
18.11000, 4.0
18.12000, 3.0
18.13000, 6.0
18.14000, 7.0
18.15000, 4.0
18.16000, 3.0
18.17000, 2.0
18.18000, 6.0
18.19000, 3.0
18.20000, 5.0
18.21000, 6.0
18.22000, 3.0
18.23000, 4.0
18.24000, 3.0
18.25000, 4.0
18.26000, 5.0
18.27000, 3.0
18.28000, 5.0
18.29000, 5.0
18.30000, 4.0
18.31000, 2.0
18.32000, 4.0
18.33000, 2.0
18.34000, 3.0
18.35000, 6.0
18.36000, 6.0
18.37000, 0.0
18.38000, 2.0
18.39000, 3.0
18.40000, 3.0
18.41000, 4.0
18.42000, 4.0
18.43000, 7.0
18.44000, 5.0
18.45000, 1.0
18.46000, 4.0
18.47000, 7.0
18.48000, 5.0
18.49000, 2.0
18.50000, 5.0
18.51000, 4.0
18.52000, 2.0
18.53000, 4.0
18.54000, 6.0
18.55000, 4.0
18.56000, 5.0
18.57000, 2.0
18.58000, 3.0
18.59000, 5.0
18.60000, 6.0
18.61000, 1.0
18.62000, 3.0
18.63000, 5.0
18.64000, 4.0
18.65000, 4.0
18.66000, 3.0
18.67000, 4.0
18.68000, 2.0
18.69000, 3.0
18.70000, 1.0
18.71000, 2.0
18.72000, 0.0
18.73000, 1.0
18.74000, 3.0
18.75000, 3.0
18.76000, 2.0
18.77000, 1.0
18.78000, 3.0
18.79000, 1.0
18.80000, 3.0
18.81000, 2.0
18.82000, 4.0
18.83000, 2.0
18.84000, 4.0
18.85000, 4.0
18.86000, 3.0
18.87000, 3.0
18.88000, 4.0
18.89000, 1.0
18.90000, 2.0
18.91000, 3.0
18.92000, 2.0
18.93000, 1.0
18.94000, 3.0
18.95000, 3.0
18.96000, 4.0
18.97000, 0.0
18.98000, 1.0
18.99000, 3.0
19.00000, 3.0
19.01000, 2.0
19.02000, 2.0
19.03000, 2.0
19.04000, 3.0
19.05000, 5.0
19.06000, 3.0
19.07000, 1.0
19.08000, 2.0
19.09000, 0.0
19.10000, 2.0
19.11000, 1.0
19.12000, 2.0
19.13000, 2.0
19.14000, 4.0
19.15000, 2.0
19.16000, 1.0
19.17000, 0.0
19.18000, 0.0
19.19000, 1.0
19.20000, 1.0
19.21000, 2.0
19.22000, 2.0
19.23000, 2.0
19.24000, 1.0
19.25000, 1.0
19.26000, 0.0
19.27000, 1.0
19.28000, 1.0
19.29000, 2.0
19.30000, 1.0
19.31000, 1.0
19.32000, 0.0
19.33000, 1.0
19.34000, 1.0
19.35000, 0.0
19.36000, 0.0
19.37000, 0.0
19.38000, 0.0
19.39000, 0.0
19.40000, 0.0
19.41000, 1.0
19.42000, 2.0
19.43000, 0.0
19.44000, 0.0
19.45000, 0.0
19.46000, 1.0
19.47000, 0.0
19.48000, 1.0
19.49000, 1.0
19.50000, 1.0
19.51000, 0.0
19.52000, 1.0
19.53000, 1.0
19.54000, 1.0
19.55000, 0.0
19.56000, 1.0
19.57000, 0.0
19.58000, 0.0
19.59000, 2.0
19.60000, 0.0
19.61000, 0.0
19.62000, 0.0
19.63000, 0.0
19.64000, 0.0
19.65000, 0.0
19.66000, 0.0
19.67000, 2.0
19.68000, 0.0
19.69000, 1.0
19.70000, 0.0
19.71000, 1.0
19.72000, 0.0
19.73000, 0.0
19.74000, 0.0
19.75000, 0.0
19.76000, 0.0
19.77000, 0.0
19.78000, 0.0
19.79000, 0.0
19.80000, 0.0
19.81000, 0.0
19.82000, 0.0
19.83000, 0.0
19.84000, 0.0
19.85000, 0.0
19.86000, 0.0
19.87000, 0.0
19.88000, 1.0
19.89000, 0.0
19.90000, 1.0
19.91000, 0.0
19.92000, 0.0
19.93000, 0.0
19.94000, 0.0
19.95000, 0.0
19.96000, 0.0
19.97000, 0.0
19.98000, 0.0
19.99000, 1.0
20.00000, 0.0
20.01000, 1.0
20.02000, 0.0
20.03000, 0.0
20.04000, 0.0
20.05000, 1.0
20.06000, 0.0
20.07000, 0.0
20.08000, 0.0
20.09000, 0.0
20.10000, 1.0
20.11000, 0.0
20.12000, 0.0
20.13000, 0.0
20.14000, 0.0
20.15000, 0.0
20.16000, 1.0
20.17000, 0.0
20.18000, 0.0
20.19000, 1.0
20.20000, 0.0
20.21000, 0.0
20.22000, 0.0
20.23000, 0.0
20.24000, 0.0
20.25000, 0.0
20.26000, 0.0
20.27000, 0.0
#ENDOFDATA   : 
