#FORMAT      : EMSA/MAS Spectral Data File
#VERSION     : 1.0
#TITLE       : Spectrum 3
#DATE        : 01-APR-2024
#TIME        : 10:44
#OWNER       : 
#NPOINTS     : 2048.0
#NCOLUMNS    : 1.0
#XUNITS      : keV
#YUNITS      : counts
#DATATYPE    : XY
#XPERCHAN    : 0.01
#OFFSET      : -0.2
#SIGNALTYPE  : EDS
#CHOFFSET    : 20.0
#LIVETIME    : 59.944499969
#REALTIME    : 68.284858704
#BEAMKV      : 20.0
#MAGCAM      : 2000.0
#XTILTSTGE   : 0.0
#AZIMANGLE   : 0.0
#ELEVANGLE   : 35.0
#XPOSITION mm: 9.7729
#YPOSITION mm: -4.0065
#ZPOSITION mm: 22.0000
##OXINSTPT   : 6
##OXINSTSTROB: 46.40
##OXINSTNDET : 1
##OXINSTELEMS: 29,30,6,8,26,82,13
##OXINSTLABEL: 29, 8.048, Cu
##OXINSTLABEL: 29, 8.905, Cu
##OXINSTLABEL: 29, 0.930, Cu
##OXINSTLABEL: 29, 0.832, Cu
##OXINSTLABEL: 29, 0.811, Cu
##OXINSTLABEL: 30, 8.639, Zn
##OXINSTLABEL: 30, 9.572, Zn
##OXINSTLABEL: 30, 1.012, Zn
##OXINSTLABEL: 30, 0.906, Zn
##OXINSTLABEL: 30, 0.884, Zn
##OXINSTLABEL: 6, 0.277, C
##OXINSTLABEL: 8, 0.525, O
##OXINSTLABEL: 26, 6.404, Fe
##OXINSTLABEL: 26, 7.058, Fe
##OXINSTLABEL: 26, 0.703, Fe
##OXINSTLABEL: 26, 0.615, Fe
##OXINSTLABEL: 82, 10.552, Pb
##OXINSTLABEL: 82, 12.614, Pb
##OXINSTLABEL: 82, 12.623, Pb
##OXINSTLABEL: 82, 11.349, Pb
##OXINSTLABEL: 82, 14.765, Pb
##OXINSTLABEL: 82, 15.101, Pb
##OXINSTLABEL: 82, 9.185, Pb
##OXINSTLABEL: 82, 2.345, Pb
##OXINSTLABEL: 82, 2.653, Pb
##OXINSTLABEL: 82, 1.823, Pb
##OXINSTLABEL: 82, 0.293, Pb
##OXINSTLABEL: 82, 0.276, Pb
##OXINSTLABEL: 13, 1.487, Al
#SPECTRUM    : Spectral Data Starts Here
-0.20000, 0.0
-0.19000, 0.0
-0.18000, 0.0
-0.17000, 0.0
-0.16000, 0.0
-0.15000, 0.0
-0.14000, 0.0
-0.13000, 0.0
-0.12000, 0.0
-0.11000, 0.0
-0.10000, 0.0
-0.09000, 0.0
-0.08000, 1.0
-0.07000, 3.0
-0.06000, 20.0
-0.05000, 115.0
-0.04000, 417.0
-0.03000, 1069.0
-0.02000, 2117.0
-0.01000, 3316.0
0.00000, 4126.0
0.01000, 4089.0
0.02000, 3610.0
0.03000, 2819.0
0.04000, 2189.0
0.05000, 1745.0
0.06000, 1323.0
0.07000, 961.0
0.08000, 641.0
0.09000, 409.0
0.10000, 272.0
0.11000, 172.0
0.12000, 126.0
0.13000, 108.0
0.14000, 106.0
0.15000, 128.0
0.16000, 119.0
0.17000, 120.0
0.18000, 128.0
0.19000, 119.0
0.20000, 123.0
0.21000, 148.0
0.22000, 204.0
0.23000, 262.0
0.24000, 336.0
0.25000, 451.0
0.26000, 536.0
0.27000, 577.0
0.28000, 509.0
0.29000, 414.0
0.30000, 324.0
0.31000, 220.0
0.32000, 174.0
0.33000, 155.0
0.34000, 169.0
0.35000, 168.0
0.36000, 175.0
0.37000, 202.0
0.38000, 199.0
0.39000, 227.0
0.40000, 245.0
0.41000, 273.0
0.42000, 271.0
0.43000, 269.0
0.44000, 294.0
0.45000, 339.0
0.46000, 385.0
0.47000, 401.0
0.48000, 456.0
0.49000, 605.0
0.50000, 729.0
0.51000, 804.0
0.52000, 842.0
0.53000, 828.0
0.54000, 758.0
0.55000, 627.0
0.56000, 569.0
0.57000, 538.0
0.58000, 504.0
0.59000, 545.0
0.60000, 535.0
0.61000, 564.0
0.62000, 643.0
0.63000, 625.0
0.64000, 664.0
0.65000, 681.0
0.66000, 721.0
0.67000, 746.0
0.68000, 765.0
0.69000, 835.0
0.70000, 838.0
0.71000, 858.0
0.72000, 957.0
0.73000, 1004.0
0.74000, 1110.0
0.75000, 1231.0
0.76000, 1548.0
0.77000, 1924.0
0.78000, 2418.0
0.79000, 3061.0
0.80000, 3696.0
0.81000, 3906.0
0.82000, 4162.0
0.83000, 4100.0
0.84000, 4120.0
0.85000, 4265.0
0.86000, 4994.0
0.87000, 6848.0
0.88000, 10141.0
0.89000, 15463.0
0.90000, 21560.0
0.91000, 28076.0
0.92000, 33631.0
0.93000, 36191.0
0.94000, 34688.0
0.95000, 30492.0
0.96000, 24568.0
0.97000, 18482.0
0.98000, 13886.0
0.99000, 11136.0
1.00000, 9927.0
1.01000, 9363.0
1.02000, 9047.0
1.03000, 8071.0
1.04000, 6776.0
1.05000, 5321.0
1.06000, 3796.0
1.07000, 2529.0
1.08000, 1619.0
1.09000, 1077.0
1.10000, 684.0
1.11000, 533.0
1.12000, 439.0
1.13000, 393.0
1.14000, 362.0
1.15000, 335.0
1.16000, 305.0
1.17000, 321.0
1.18000, 300.0
1.19000, 308.0
1.20000, 311.0
1.21000, 318.0
1.22000, 322.0
1.23000, 305.0
1.24000, 309.0
1.25000, 297.0
1.26000, 312.0
1.27000, 338.0
1.28000, 352.0
1.29000, 351.0
1.30000, 380.0
1.31000, 358.0
1.32000, 349.0
1.33000, 360.0
1.34000, 371.0
1.35000, 382.0
1.36000, 388.0
1.37000, 406.0
1.38000, 411.0
1.39000, 401.0
1.40000, 389.0
1.41000, 389.0
1.42000, 371.0
1.43000, 388.0
1.44000, 407.0
1.45000, 406.0
1.46000, 450.0
1.47000, 475.0
1.48000, 482.0
1.49000, 456.0
1.50000, 486.0
1.51000, 467.0
1.52000, 472.0
1.53000, 484.0
1.54000, 476.0
1.55000, 423.0
1.56000, 438.0
1.57000, 421.0
1.58000, 433.0
1.59000, 455.0
1.60000, 433.0
1.61000, 433.0
1.62000, 447.0
1.63000, 452.0
1.64000, 472.0
1.65000, 442.0
1.66000, 406.0
1.67000, 453.0
1.68000, 493.0
1.69000, 482.0
1.70000, 502.0
1.71000, 530.0
1.72000, 502.0
1.73000, 515.0
1.74000, 539.0
1.75000, 548.0
1.76000, 563.0
1.77000, 567.0
1.78000, 597.0
1.79000, 569.0
1.80000, 542.0
1.81000, 553.0
1.82000, 539.0
1.83000, 532.0
1.84000, 584.0
1.85000, 579.0
1.86000, 569.0
1.87000, 553.0
1.88000, 549.0
1.89000, 515.0
1.90000, 537.0
1.91000, 511.0
1.92000, 532.0
1.93000, 552.0
1.94000, 569.0
1.95000, 550.0
1.96000, 527.0
1.97000, 506.0
1.98000, 487.0
1.99000, 525.0
2.00000, 475.0
2.01000, 573.0
2.02000, 552.0
2.03000, 530.0
2.04000, 543.0
2.05000, 527.0
2.06000, 567.0
2.07000, 566.0
2.08000, 572.0
2.09000, 535.0
2.10000, 533.0
2.11000, 564.0
2.12000, 531.0
2.13000, 580.0
2.14000, 590.0
2.15000, 559.0
2.16000, 564.0
2.17000, 597.0
2.18000, 549.0
2.19000, 568.0
2.20000, 584.0
2.21000, 548.0
2.22000, 575.0
2.23000, 615.0
2.24000, 598.0
2.25000, 578.0
2.26000, 615.0
2.27000, 616.0
2.28000, 664.0
2.29000, 635.0
2.30000, 716.0
2.31000, 728.0
2.32000, 735.0
2.33000, 784.0
2.34000, 794.0
2.35000, 792.0
2.36000, 768.0
2.37000, 816.0
2.38000, 776.0
2.39000, 758.0
2.40000, 727.0
2.41000, 696.0
2.42000, 665.0
2.43000, 709.0
2.44000, 701.0
2.45000, 723.0
2.46000, 700.0
2.47000, 689.0
2.48000, 653.0
2.49000, 642.0
2.50000, 627.0
2.51000, 607.0
2.52000, 625.0
2.53000, 620.0
2.54000, 612.0
2.55000, 612.0
2.56000, 602.0
2.57000, 608.0
2.58000, 635.0
2.59000, 631.0
2.60000, 642.0
2.61000, 614.0
2.62000, 639.0
2.63000, 657.0
2.64000, 650.0
2.65000, 661.0
2.66000, 635.0
2.67000, 646.0
2.68000, 643.0
2.69000, 601.0
2.70000, 599.0
2.71000, 639.0
2.72000, 599.0
2.73000, 636.0
2.74000, 628.0
2.75000, 614.0
2.76000, 588.0
2.77000, 603.0
2.78000, 594.0
2.79000, 572.0
2.80000, 608.0
2.81000, 593.0
2.82000, 580.0
2.83000, 622.0
2.84000, 590.0
2.85000, 578.0
2.86000, 570.0
2.87000, 588.0
2.88000, 562.0
2.89000, 596.0
2.90000, 568.0
2.91000, 637.0
2.92000, 634.0
2.93000, 618.0
2.94000, 600.0
2.95000, 601.0
2.96000, 607.0
2.97000, 625.0
2.98000, 625.0
2.99000, 607.0
3.00000, 606.0
3.01000, 582.0
3.02000, 560.0
3.03000, 608.0
3.04000, 587.0
3.05000, 567.0
3.06000, 566.0
3.07000, 595.0
3.08000, 638.0
3.09000, 563.0
3.10000, 592.0
3.11000, 560.0
3.12000, 590.0
3.13000, 569.0
3.14000, 544.0
3.15000, 617.0
3.16000, 605.0
3.17000, 586.0
3.18000, 582.0
3.19000, 609.0
3.20000, 579.0
3.21000, 571.0
3.22000, 595.0
3.23000, 596.0
3.24000, 573.0
3.25000, 585.0
3.26000, 569.0
3.27000, 586.0
3.28000, 570.0
3.29000, 562.0
3.30000, 570.0
3.31000, 582.0
3.32000, 556.0
3.33000, 563.0
3.34000, 556.0
3.35000, 590.0
3.36000, 572.0
3.37000, 578.0
3.38000, 605.0
3.39000, 601.0
3.40000, 585.0
3.41000, 580.0
3.42000, 572.0
3.43000, 602.0
3.44000, 599.0
3.45000, 606.0
3.46000, 583.0
3.47000, 588.0
3.48000, 610.0
3.49000, 585.0
3.50000, 561.0
3.51000, 596.0
3.52000, 535.0
3.53000, 530.0
3.54000, 532.0
3.55000, 518.0
3.56000, 562.0
3.57000, 552.0
3.58000, 586.0
3.59000, 554.0
3.60000, 516.0
3.61000, 579.0
3.62000, 544.0
3.63000, 529.0
3.64000, 555.0
3.65000, 590.0
3.66000, 568.0
3.67000, 551.0
3.68000, 581.0
3.69000, 545.0
3.70000, 542.0
3.71000, 534.0
3.72000, 513.0
3.73000, 544.0
3.74000, 523.0
3.75000, 538.0
3.76000, 558.0
3.77000, 526.0
3.78000, 537.0
3.79000, 538.0
3.80000, 519.0
3.81000, 574.0
3.82000, 537.0
3.83000, 526.0
3.84000, 508.0
3.85000, 550.0
3.86000, 537.0
3.87000, 503.0
3.88000, 491.0
3.89000, 505.0
3.90000, 499.0
3.91000, 493.0
3.92000, 494.0
3.93000, 484.0
3.94000, 486.0
3.95000, 468.0
3.96000, 502.0
3.97000, 481.0
3.98000, 464.0
3.99000, 521.0
4.00000, 502.0
4.01000, 506.0
4.02000, 469.0
4.03000, 493.0
4.04000, 487.0
4.05000, 504.0
4.06000, 440.0
4.07000, 462.0
4.08000, 493.0
4.09000, 517.0
4.10000, 507.0
4.11000, 514.0
4.12000, 445.0
4.13000, 468.0
4.14000, 475.0
4.15000, 473.0
4.16000, 470.0
4.17000, 466.0
4.18000, 468.0
4.19000, 449.0
4.20000, 451.0
4.21000, 467.0
4.22000, 472.0
4.23000, 441.0
4.24000, 462.0
4.25000, 456.0
4.26000, 461.0
4.27000, 448.0
4.28000, 456.0
4.29000, 466.0
4.30000, 449.0
4.31000, 444.0
4.32000, 497.0
4.33000, 461.0
4.34000, 423.0
4.35000, 440.0
4.36000, 471.0
4.37000, 445.0
4.38000, 421.0
4.39000, 417.0
4.40000, 428.0
4.41000, 453.0
4.42000, 422.0
4.43000, 428.0
4.44000, 449.0
4.45000, 441.0
4.46000, 434.0
4.47000, 455.0
4.48000, 414.0
4.49000, 462.0
4.50000, 417.0
4.51000, 419.0
4.52000, 433.0
4.53000, 435.0
4.54000, 419.0
4.55000, 456.0
4.56000, 465.0
4.57000, 463.0
4.58000, 408.0
4.59000, 410.0
4.60000, 414.0
4.61000, 443.0
4.62000, 383.0
4.63000, 414.0
4.64000, 438.0
4.65000, 451.0
4.66000, 389.0
4.67000, 419.0
4.68000, 449.0
4.69000, 403.0
4.70000, 438.0
4.71000, 435.0
4.72000, 401.0
4.73000, 379.0
4.74000, 419.0
4.75000, 400.0
4.76000, 447.0
4.77000, 397.0
4.78000, 407.0
4.79000, 427.0
4.80000, 395.0
4.81000, 381.0
4.82000, 403.0
4.83000, 408.0
4.84000, 407.0
4.85000, 412.0
4.86000, 385.0
4.87000, 390.0
4.88000, 379.0
4.89000, 419.0
4.90000, 391.0
4.91000, 389.0
4.92000, 367.0
4.93000, 365.0
4.94000, 387.0
4.95000, 394.0
4.96000, 384.0
4.97000, 374.0
4.98000, 384.0
4.99000, 396.0
5.00000, 412.0
5.01000, 394.0
5.02000, 394.0
5.03000, 396.0
5.04000, 394.0
5.05000, 375.0
5.06000, 420.0
5.07000, 403.0
5.08000, 423.0
5.09000, 384.0
5.10000, 372.0
5.11000, 374.0
5.12000, 363.0
5.13000, 381.0
5.14000, 379.0
5.15000, 356.0
5.16000, 341.0
5.17000, 375.0
5.18000, 377.0
5.19000, 325.0
5.20000, 352.0
5.21000, 371.0
5.22000, 379.0
5.23000, 368.0
5.24000, 346.0
5.25000, 368.0
5.26000, 335.0
5.27000, 385.0
5.28000, 352.0
5.29000, 359.0
5.30000, 339.0
5.31000, 359.0
5.32000, 342.0
5.33000, 401.0
5.34000, 371.0
5.35000, 391.0
5.36000, 353.0
5.37000, 344.0
5.38000, 348.0
5.39000, 380.0
5.40000, 351.0
5.41000, 368.0
5.42000, 356.0
5.43000, 343.0
5.44000, 317.0
5.45000, 356.0
5.46000, 348.0
5.47000, 328.0
5.48000, 341.0
5.49000, 324.0
5.50000, 330.0
5.51000, 344.0
5.52000, 328.0
5.53000, 372.0
5.54000, 345.0
5.55000, 327.0
5.56000, 338.0
5.57000, 361.0
5.58000, 312.0
5.59000, 328.0
5.60000, 345.0
5.61000, 322.0
5.62000, 349.0
5.63000, 363.0
5.64000, 345.0
5.65000, 341.0
5.66000, 314.0
5.67000, 333.0
5.68000, 342.0
5.69000, 350.0
5.70000, 370.0
5.71000, 334.0
5.72000, 324.0
5.73000, 295.0
5.74000, 338.0
5.75000, 321.0
5.76000, 321.0
5.77000, 324.0
5.78000, 317.0
5.79000, 332.0
5.80000, 331.0
5.81000, 323.0
5.82000, 309.0
5.83000, 317.0
5.84000, 332.0
5.85000, 321.0
5.86000, 321.0
5.87000, 306.0
5.88000, 311.0
5.89000, 327.0
5.90000, 315.0
5.91000, 334.0
5.92000, 307.0
5.93000, 318.0
5.94000, 317.0
5.95000, 305.0
5.96000, 307.0
5.97000, 314.0
5.98000, 320.0
5.99000, 296.0
6.00000, 307.0
6.01000, 289.0
6.02000, 303.0
6.03000, 324.0
6.04000, 300.0
6.05000, 301.0
6.06000, 324.0
6.07000, 318.0
6.08000, 309.0
6.09000, 313.0
6.10000, 304.0
6.11000, 296.0
6.12000, 274.0
6.13000, 300.0
6.14000, 323.0
6.15000, 294.0
6.16000, 293.0
6.17000, 298.0
6.18000, 292.0
6.19000, 294.0
6.20000, 309.0
6.21000, 288.0
6.22000, 282.0
6.23000, 315.0
6.24000, 274.0
6.25000, 291.0
6.26000, 301.0
6.27000, 334.0
6.28000, 301.0
6.29000, 284.0
6.30000, 333.0
6.31000, 307.0
6.32000, 305.0
6.33000, 331.0
6.34000, 346.0
6.35000, 312.0
6.36000, 351.0
6.37000, 318.0
6.38000, 330.0
6.39000, 358.0
6.40000, 366.0
6.41000, 351.0
6.42000, 347.0
6.43000, 331.0
6.44000, 331.0
6.45000, 307.0
6.46000, 320.0
6.47000, 287.0
6.48000, 315.0
6.49000, 288.0
6.50000, 275.0
6.51000, 278.0
6.52000, 261.0
6.53000, 257.0
6.54000, 254.0
6.55000, 265.0
6.56000, 278.0
6.57000, 258.0
6.58000, 248.0
6.59000, 279.0
6.60000, 279.0
6.61000, 272.0
6.62000, 251.0
6.63000, 277.0
6.64000, 285.0
6.65000, 269.0
6.66000, 279.0
6.67000, 256.0
6.68000, 274.0
6.69000, 260.0
6.70000, 296.0
6.71000, 270.0
6.72000, 254.0
6.73000, 256.0
6.74000, 282.0
6.75000, 261.0
6.76000, 233.0
6.77000, 280.0
6.78000, 254.0
6.79000, 276.0
6.80000, 258.0
6.81000, 277.0
6.82000, 248.0
6.83000, 263.0
6.84000, 258.0
6.85000, 267.0
6.86000, 229.0
6.87000, 202.0
6.88000, 242.0
6.89000, 257.0
6.90000, 276.0
6.91000, 259.0
6.92000, 242.0
6.93000, 273.0
6.94000, 260.0
6.95000, 240.0
6.96000, 206.0
6.97000, 272.0
6.98000, 256.0
6.99000, 264.0
7.00000, 246.0
7.01000, 260.0
7.02000, 252.0
7.03000, 224.0
7.04000, 250.0
7.05000, 251.0
7.06000, 270.0
7.07000, 252.0
7.08000, 236.0
7.09000, 240.0
7.10000, 252.0
7.11000, 260.0
7.12000, 256.0
7.13000, 251.0
7.14000, 246.0
7.15000, 214.0
7.16000, 258.0
7.17000, 250.0
7.18000, 232.0
7.19000, 220.0
7.20000, 214.0
7.21000, 219.0
7.22000, 241.0
7.23000, 250.0
7.24000, 219.0
7.25000, 241.0
7.26000, 235.0
7.27000, 232.0
7.28000, 216.0
7.29000, 240.0
7.30000, 230.0
7.31000, 227.0
7.32000, 220.0
7.33000, 232.0
7.34000, 228.0
7.35000, 256.0
7.36000, 220.0
7.37000, 249.0
7.38000, 244.0
7.39000, 239.0
7.40000, 228.0
7.41000, 228.0
7.42000, 221.0
7.43000, 286.0
7.44000, 260.0
7.45000, 230.0
7.46000, 229.0
7.47000, 235.0
7.48000, 231.0
7.49000, 276.0
7.50000, 234.0
7.51000, 228.0
7.52000, 236.0
7.53000, 221.0
7.54000, 237.0
7.55000, 242.0
7.56000, 197.0
7.57000, 222.0
7.58000, 207.0
7.59000, 220.0
7.60000, 213.0
7.61000, 252.0
7.62000, 225.0
7.63000, 230.0
7.64000, 227.0
7.65000, 216.0
7.66000, 218.0
7.67000, 195.0
7.68000, 223.0
7.69000, 225.0
7.70000, 233.0
7.71000, 194.0
7.72000, 234.0
7.73000, 243.0
7.74000, 252.0
7.75000, 201.0
7.76000, 208.0
7.77000, 233.0
7.78000, 201.0
7.79000, 229.0
7.80000, 236.0
7.81000, 225.0
7.82000, 222.0
7.83000, 243.0
7.84000, 299.0
7.85000, 310.0
7.86000, 395.0
7.87000, 462.0
7.88000, 518.0
7.89000, 688.0
7.90000, 895.0
7.91000, 1188.0
7.92000, 1581.0
7.93000, 1902.0
7.94000, 2527.0
7.95000, 3128.0
7.96000, 3806.0
7.97000, 4479.0
7.98000, 5222.0
7.99000, 6181.0
8.00000, 6894.0
8.01000, 7258.0
8.02000, 7760.0
8.03000, 8163.0
8.04000, 8038.0
8.05000, 8076.0
8.06000, 7733.0
8.07000, 7272.0
8.08000, 6513.0
8.09000, 6066.0
8.10000, 5140.0
8.11000, 4446.0
8.12000, 3579.0
8.13000, 3020.0
8.14000, 2371.0
8.15000, 1808.0
8.16000, 1460.0
8.17000, 1096.0
8.18000, 848.0
8.19000, 612.0
8.20000, 485.0
8.21000, 408.0
8.22000, 348.0
8.23000, 300.0
8.24000, 259.0
8.25000, 226.0
8.26000, 213.0
8.27000, 237.0
8.28000, 225.0
8.29000, 185.0
8.30000, 198.0
8.31000, 203.0
8.32000, 204.0
8.33000, 213.0
8.34000, 197.0
8.35000, 183.0
8.36000, 226.0
8.37000, 204.0
8.38000, 192.0
8.39000, 218.0
8.40000, 231.0
8.41000, 203.0
8.42000, 233.0
8.43000, 247.0
8.44000, 262.0
8.45000, 291.0
8.46000, 353.0
8.47000, 406.0
8.48000, 489.0
8.49000, 588.0
8.50000, 727.0
8.51000, 956.0
8.52000, 1059.0
8.53000, 1347.0
8.54000, 1618.0
8.55000, 1955.0
8.56000, 2247.0
8.57000, 2629.0
8.58000, 2959.0
8.59000, 3291.0
8.60000, 3385.0
8.61000, 3713.0
8.62000, 3786.0
8.63000, 3677.0
8.64000, 3812.0
8.65000, 3623.0
8.66000, 3513.0
8.67000, 3110.0
8.68000, 2875.0
8.69000, 2491.0
8.70000, 2176.0
8.71000, 1745.0
8.72000, 1511.0
8.73000, 1322.0
8.74000, 1056.0
8.75000, 870.0
8.76000, 724.0
8.77000, 697.0
8.78000, 599.0
8.79000, 616.0
8.80000, 610.0
8.81000, 652.0
8.82000, 752.0
8.83000, 792.0
8.84000, 852.0
8.85000, 970.0
8.86000, 1035.0
8.87000, 1105.0
8.88000, 1123.0
8.89000, 1256.0
8.90000, 1214.0
8.91000, 1252.0
8.92000, 1121.0
8.93000, 1055.0
8.94000, 1050.0
8.95000, 915.0
8.96000, 831.0
8.97000, 766.0
8.98000, 661.0
8.99000, 563.0
9.00000, 498.0
9.01000, 444.0
9.02000, 357.0
9.03000, 340.0
9.04000, 286.0
9.05000, 225.0
9.06000, 219.0
9.07000, 198.0
9.08000, 170.0
9.09000, 171.0
9.10000, 175.0
9.11000, 173.0
9.12000, 158.0
9.13000, 136.0
9.14000, 140.0
9.15000, 137.0
9.16000, 144.0
9.17000, 153.0
9.18000, 149.0
9.19000, 106.0
9.20000, 139.0
9.21000, 128.0
9.22000, 149.0
9.23000, 133.0
9.24000, 143.0
9.25000, 147.0
9.26000, 139.0
9.27000, 131.0
9.28000, 133.0
9.29000, 133.0
9.30000, 141.0
9.31000, 132.0
9.32000, 144.0
9.33000, 160.0
9.34000, 139.0
9.35000, 144.0
9.36000, 163.0
9.37000, 175.0
9.38000, 147.0
9.39000, 167.0
9.40000, 167.0
9.41000, 190.0
9.42000, 169.0
9.43000, 193.0
9.44000, 204.0
9.45000, 230.0
9.46000, 278.0
9.47000, 295.0
9.48000, 324.0
9.49000, 370.0
9.50000, 417.0
9.51000, 447.0
9.52000, 449.0
9.53000, 531.0
9.54000, 581.0
9.55000, 568.0
9.56000, 606.0
9.57000, 582.0
9.58000, 606.0
9.59000, 529.0
9.60000, 550.0
9.61000, 519.0
9.62000, 460.0
9.63000, 406.0
9.64000, 412.0
9.65000, 358.0
9.66000, 306.0
9.67000, 268.0
9.68000, 251.0
9.69000, 230.0
9.70000, 188.0
9.71000, 202.0
9.72000, 170.0
9.73000, 154.0
9.74000, 157.0
9.75000, 150.0
9.76000, 115.0
9.77000, 134.0
9.78000, 109.0
9.79000, 142.0
9.80000, 137.0
9.81000, 124.0
9.82000, 142.0
9.83000, 119.0
9.84000, 130.0
9.85000, 131.0
9.86000, 114.0
9.87000, 122.0
9.88000, 123.0
9.89000, 130.0
9.90000, 127.0
9.91000, 121.0
9.92000, 122.0
9.93000, 123.0
9.94000, 125.0
9.95000, 120.0
9.96000, 121.0
9.97000, 115.0
9.98000, 109.0
9.99000, 114.0
10.00000, 123.0
10.01000, 118.0
10.02000, 106.0
10.03000, 102.0
10.04000, 113.0
10.05000, 102.0
10.06000, 129.0
10.07000, 120.0
10.08000, 107.0
10.09000, 124.0
10.10000, 119.0
10.11000, 99.0
10.12000, 100.0
10.13000, 105.0
10.14000, 122.0
10.15000, 115.0
10.16000, 113.0
10.17000, 121.0
10.18000, 109.0
10.19000, 106.0
10.20000, 142.0
10.21000, 115.0
10.22000, 133.0
10.23000, 102.0
10.24000, 109.0
10.25000, 126.0
10.26000, 116.0
10.27000, 107.0
10.28000, 106.0
10.29000, 99.0
10.30000, 119.0
10.31000, 112.0
10.32000, 95.0
10.33000, 119.0
10.34000, 120.0
10.35000, 103.0
10.36000, 122.0
10.37000, 111.0
10.38000, 102.0
10.39000, 112.0
10.40000, 122.0
10.41000, 113.0
10.42000, 105.0
10.43000, 104.0
10.44000, 106.0
10.45000, 127.0
10.46000, 115.0
10.47000, 116.0
10.48000, 101.0
10.49000, 113.0
10.50000, 122.0
10.51000, 108.0
10.52000, 121.0
10.53000, 118.0
10.54000, 115.0
10.55000, 121.0
10.56000, 126.0
10.57000, 116.0
10.58000, 113.0
10.59000, 122.0
10.60000, 116.0
10.61000, 113.0
10.62000, 137.0
10.63000, 93.0
10.64000, 114.0
10.65000, 102.0
10.66000, 99.0
10.67000, 105.0
10.68000, 120.0
10.69000, 101.0
10.70000, 107.0
10.71000, 98.0
10.72000, 111.0
10.73000, 104.0
10.74000, 106.0
10.75000, 95.0
10.76000, 113.0
10.77000, 81.0
10.78000, 105.0
10.79000, 91.0
10.80000, 93.0
10.81000, 127.0
10.82000, 96.0
10.83000, 106.0
10.84000, 97.0
10.85000, 103.0
10.86000, 97.0
10.87000, 98.0
10.88000, 94.0
10.89000, 89.0
10.90000, 93.0
10.91000, 103.0
10.92000, 111.0
10.93000, 89.0
10.94000, 100.0
10.95000, 101.0
10.96000, 98.0
10.97000, 89.0
10.98000, 89.0
10.99000, 84.0
11.00000, 95.0
11.01000, 98.0
11.02000, 84.0
11.03000, 103.0
11.04000, 86.0
11.05000, 103.0
11.06000, 92.0
11.07000, 107.0
11.08000, 106.0
11.09000, 89.0
11.10000, 75.0
11.11000, 108.0
11.12000, 89.0
11.13000, 94.0
11.14000, 93.0
11.15000, 89.0
11.16000, 95.0
11.17000, 84.0
11.18000, 93.0
11.19000, 90.0
11.20000, 111.0
11.21000, 91.0
11.22000, 83.0
11.23000, 102.0
11.24000, 91.0
11.25000, 94.0
11.26000, 97.0
11.27000, 91.0
11.28000, 89.0
11.29000, 85.0
11.30000, 110.0
11.31000, 96.0
11.32000, 68.0
11.33000, 77.0
11.34000, 96.0
11.35000, 76.0
11.36000, 78.0
11.37000, 80.0
11.38000, 93.0
11.39000, 105.0
11.40000, 93.0
11.41000, 76.0
11.42000, 89.0
11.43000, 108.0
11.44000, 86.0
11.45000, 73.0
11.46000, 78.0
11.47000, 84.0
11.48000, 64.0
11.49000, 79.0
11.50000, 88.0
11.51000, 77.0
11.52000, 79.0
11.53000, 91.0
11.54000, 69.0
11.55000, 83.0
11.56000, 93.0
11.57000, 92.0
11.58000, 91.0
11.59000, 92.0
11.60000, 78.0
11.61000, 74.0
11.62000, 93.0
11.63000, 83.0
11.64000, 87.0
11.65000, 82.0
11.66000, 82.0
11.67000, 85.0
11.68000, 73.0
11.69000, 74.0
11.70000, 82.0
11.71000, 100.0
11.72000, 86.0
11.73000, 78.0
11.74000, 76.0
11.75000, 69.0
11.76000, 79.0
11.77000, 71.0
11.78000, 80.0
11.79000, 74.0
11.80000, 77.0
11.81000, 82.0
11.82000, 87.0
11.83000, 69.0
11.84000, 85.0
11.85000, 86.0
11.86000, 77.0
11.87000, 63.0
11.88000, 76.0
11.89000, 86.0
11.90000, 76.0
11.91000, 88.0
11.92000, 73.0
11.93000, 80.0
11.94000, 72.0
11.95000, 81.0
11.96000, 78.0
11.97000, 72.0
11.98000, 62.0
11.99000, 67.0
12.00000, 77.0
12.01000, 93.0
12.02000, 79.0
12.03000, 80.0
12.04000, 75.0
12.05000, 76.0
12.06000, 68.0
12.07000, 63.0
12.08000, 71.0
12.09000, 72.0
12.10000, 72.0
12.11000, 76.0
12.12000, 79.0
12.13000, 74.0
12.14000, 90.0
12.15000, 80.0
12.16000, 79.0
12.17000, 67.0
12.18000, 84.0
12.19000, 58.0
12.20000, 67.0
12.21000, 66.0
12.22000, 71.0
12.23000, 76.0
12.24000, 57.0
12.25000, 61.0
12.26000, 74.0
12.27000, 71.0
12.28000, 71.0
12.29000, 54.0
12.30000, 62.0
12.31000, 55.0
12.32000, 82.0
12.33000, 72.0
12.34000, 57.0
12.35000, 62.0
12.36000, 56.0
12.37000, 81.0
12.38000, 80.0
12.39000, 63.0
12.40000, 69.0
12.41000, 78.0
12.42000, 58.0
12.43000, 50.0
12.44000, 53.0
12.45000, 73.0
12.46000, 65.0
12.47000, 66.0
12.48000, 69.0
12.49000, 69.0
12.50000, 71.0
12.51000, 64.0
12.52000, 73.0
12.53000, 71.0
12.54000, 86.0
12.55000, 71.0
12.56000, 75.0
12.57000, 89.0
12.58000, 79.0
12.59000, 69.0
12.60000, 79.0
12.61000, 74.0
12.62000, 64.0
12.63000, 66.0
12.64000, 59.0
12.65000, 61.0
12.66000, 56.0
12.67000, 75.0
12.68000, 60.0
12.69000, 61.0
12.70000, 54.0
12.71000, 70.0
12.72000, 64.0
12.73000, 57.0
12.74000, 58.0
12.75000, 66.0
12.76000, 69.0
12.77000, 57.0
12.78000, 66.0
12.79000, 65.0
12.80000, 59.0
12.81000, 59.0
12.82000, 52.0
12.83000, 59.0
12.84000, 51.0
12.85000, 56.0
12.86000, 69.0
12.87000, 62.0
12.88000, 57.0
12.89000, 60.0
12.90000, 51.0
12.91000, 55.0
12.92000, 51.0
12.93000, 51.0
12.94000, 57.0
12.95000, 49.0
12.96000, 67.0
12.97000, 67.0
12.98000, 75.0
12.99000, 54.0
13.00000, 50.0
13.01000, 50.0
13.02000, 57.0
13.03000, 55.0
13.04000, 57.0
13.05000, 64.0
13.06000, 51.0
13.07000, 69.0
13.08000, 54.0
13.09000, 56.0
13.10000, 47.0
13.11000, 54.0
13.12000, 53.0
13.13000, 45.0
13.14000, 58.0
13.15000, 47.0
13.16000, 52.0
13.17000, 53.0
13.18000, 45.0
13.19000, 57.0
13.20000, 53.0
13.21000, 49.0
13.22000, 55.0
13.23000, 65.0
13.24000, 54.0
13.25000, 45.0
13.26000, 47.0
13.27000, 58.0
13.28000, 51.0
13.29000, 35.0
13.30000, 54.0
13.31000, 50.0
13.32000, 49.0
13.33000, 48.0
13.34000, 49.0
13.35000, 51.0
13.36000, 44.0
13.37000, 38.0
13.38000, 38.0
13.39000, 50.0
13.40000, 47.0
13.41000, 52.0
13.42000, 54.0
13.43000, 55.0
13.44000, 53.0
13.45000, 47.0
13.46000, 58.0
13.47000, 46.0
13.48000, 40.0
13.49000, 47.0
13.50000, 52.0
13.51000, 50.0
13.52000, 48.0
13.53000, 42.0
13.54000, 57.0
13.55000, 63.0
13.56000, 44.0
13.57000, 44.0
13.58000, 52.0
13.59000, 54.0
13.60000, 49.0
13.61000, 52.0
13.62000, 54.0
13.63000, 61.0
13.64000, 46.0
13.65000, 44.0
13.66000, 56.0
13.67000, 48.0
13.68000, 46.0
13.69000, 52.0
13.70000, 39.0
13.71000, 41.0
13.72000, 46.0
13.73000, 40.0
13.74000, 49.0
13.75000, 38.0
13.76000, 56.0
13.77000, 45.0
13.78000, 35.0
13.79000, 46.0
13.80000, 44.0
13.81000, 53.0
13.82000, 43.0
13.83000, 48.0
13.84000, 44.0
13.85000, 45.0
13.86000, 48.0
13.87000, 41.0
13.88000, 43.0
13.89000, 39.0
13.90000, 52.0
13.91000, 42.0
13.92000, 42.0
13.93000, 42.0
13.94000, 33.0
13.95000, 51.0
13.96000, 52.0
13.97000, 47.0
13.98000, 34.0
13.99000, 45.0
14.00000, 42.0
14.01000, 38.0
14.02000, 42.0
14.03000, 38.0
14.04000, 37.0
14.05000, 40.0
14.06000, 47.0
14.07000, 40.0
14.08000, 40.0
14.09000, 37.0
14.10000, 50.0
14.11000, 44.0
14.12000, 42.0
14.13000, 52.0
14.14000, 40.0
14.15000, 47.0
14.16000, 43.0
14.17000, 34.0
14.18000, 48.0
14.19000, 44.0
14.20000, 30.0
14.21000, 42.0
14.22000, 44.0
14.23000, 32.0
14.24000, 40.0
14.25000, 41.0
14.26000, 46.0
14.27000, 46.0
14.28000, 48.0
14.29000, 39.0
14.30000, 41.0
14.31000, 36.0
14.32000, 46.0
14.33000, 32.0
14.34000, 40.0
14.35000, 32.0
14.36000, 41.0
14.37000, 32.0
14.38000, 33.0
14.39000, 32.0
14.40000, 43.0
14.41000, 36.0
14.42000, 44.0
14.43000, 36.0
14.44000, 29.0
14.45000, 35.0
14.46000, 51.0
14.47000, 35.0
14.48000, 35.0
14.49000, 44.0
14.50000, 34.0
14.51000, 29.0
14.52000, 26.0
14.53000, 30.0
14.54000, 35.0
14.55000, 31.0
14.56000, 42.0
14.57000, 42.0
14.58000, 47.0
14.59000, 32.0
14.60000, 38.0
14.61000, 26.0
14.62000, 39.0
14.63000, 42.0
14.64000, 29.0
14.65000, 42.0
14.66000, 37.0
14.67000, 34.0
14.68000, 25.0
14.69000, 40.0
14.70000, 34.0
14.71000, 25.0
14.72000, 30.0
14.73000, 32.0
14.74000, 26.0
14.75000, 32.0
14.76000, 36.0
14.77000, 24.0
14.78000, 37.0
14.79000, 31.0
14.80000, 35.0
14.81000, 38.0
14.82000, 36.0
14.83000, 22.0
14.84000, 30.0
14.85000, 35.0
14.86000, 40.0
14.87000, 27.0
14.88000, 35.0
14.89000, 23.0
14.90000, 27.0
14.91000, 22.0
14.92000, 26.0
14.93000, 24.0
14.94000, 30.0
14.95000, 25.0
14.96000, 21.0
14.97000, 26.0
14.98000, 39.0
14.99000, 36.0
15.00000, 26.0
15.01000, 31.0
15.02000, 35.0
15.03000, 28.0
15.04000, 29.0
15.05000, 24.0
15.06000, 21.0
15.07000, 24.0
15.08000, 19.0
15.09000, 16.0
15.10000, 24.0
15.11000, 24.0
15.12000, 28.0
15.13000, 28.0
15.14000, 25.0
15.15000, 37.0
15.16000, 28.0
15.17000, 37.0
15.18000, 34.0
15.19000, 33.0
15.20000, 32.0
15.21000, 29.0
15.22000, 27.0
15.23000, 25.0
15.24000, 21.0
15.25000, 26.0
15.26000, 23.0
15.27000, 23.0
15.28000, 18.0
15.29000, 25.0
15.30000, 24.0
15.31000, 25.0
15.32000, 29.0
15.33000, 29.0
15.34000, 30.0
15.35000, 40.0
15.36000, 20.0
15.37000, 27.0
15.38000, 30.0
15.39000, 22.0
15.40000, 18.0
15.41000, 22.0
15.42000, 25.0
15.43000, 19.0
15.44000, 25.0
15.45000, 21.0
15.46000, 24.0
15.47000, 21.0
15.48000, 25.0
15.49000, 28.0
15.50000, 26.0
15.51000, 29.0
15.52000, 28.0
15.53000, 24.0
15.54000, 23.0
15.55000, 19.0
15.56000, 23.0
15.57000, 26.0
15.58000, 21.0
15.59000, 34.0
15.60000, 24.0
15.61000, 24.0
15.62000, 26.0
15.63000, 27.0
15.64000, 28.0
15.65000, 24.0
15.66000, 26.0
15.67000, 26.0
15.68000, 22.0
15.69000, 25.0
15.70000, 27.0
15.71000, 21.0
15.72000, 23.0
15.73000, 24.0
15.74000, 19.0
15.75000, 19.0
15.76000, 22.0
15.77000, 22.0
15.78000, 16.0
15.79000, 19.0
15.80000, 21.0
15.81000, 17.0
15.82000, 21.0
15.83000, 25.0
15.84000, 24.0
15.85000, 28.0
15.86000, 26.0
15.87000, 25.0
15.88000, 21.0
15.89000, 23.0
15.90000, 15.0
15.91000, 18.0
15.92000, 23.0
15.93000, 21.0
15.94000, 24.0
15.95000, 24.0
15.96000, 19.0
15.97000, 22.0
15.98000, 19.0
15.99000, 23.0
16.00000, 18.0
16.01000, 23.0
16.02000, 20.0
16.03000, 24.0
16.04000, 22.0
16.05000, 19.0
16.06000, 30.0
16.07000, 26.0
16.08000, 25.0
16.09000, 21.0
16.10000, 20.0
16.11000, 29.0
16.12000, 37.0
16.13000, 19.0
16.14000, 22.0
16.15000, 26.0
16.16000, 23.0
16.17000, 23.0
16.18000, 19.0
16.19000, 19.0
16.20000, 22.0
16.21000, 24.0
16.22000, 19.0
16.23000, 22.0
16.24000, 21.0
16.25000, 18.0
16.26000, 18.0
16.27000, 22.0
16.28000, 16.0
16.29000, 16.0
16.30000, 16.0
16.31000, 22.0
16.32000, 12.0
16.33000, 13.0
16.34000, 15.0
16.35000, 18.0
16.36000, 16.0
16.37000, 25.0
16.38000, 25.0
16.39000, 16.0
16.40000, 14.0
16.41000, 16.0
16.42000, 13.0
16.43000, 15.0
16.44000, 18.0
16.45000, 17.0
16.46000, 23.0
16.47000, 22.0
16.48000, 23.0
16.49000, 16.0
16.50000, 20.0
16.51000, 24.0
16.52000, 17.0
16.53000, 14.0
16.54000, 13.0
16.55000, 21.0
16.56000, 18.0
16.57000, 16.0
16.58000, 19.0
16.59000, 19.0
16.60000, 16.0
16.61000, 17.0
16.62000, 16.0
16.63000, 15.0
16.64000, 21.0
16.65000, 22.0
16.66000, 11.0
16.67000, 11.0
16.68000, 20.0
16.69000, 18.0
16.70000, 25.0
16.71000, 16.0
16.72000, 18.0
16.73000, 14.0
16.74000, 15.0
16.75000, 20.0
16.76000, 16.0
16.77000, 12.0
16.78000, 12.0
16.79000, 13.0
16.80000, 14.0
16.81000, 17.0
16.82000, 16.0
16.83000, 12.0
16.84000, 16.0
16.85000, 19.0
16.86000, 13.0
16.87000, 15.0
16.88000, 13.0
16.89000, 23.0
16.90000, 13.0
16.91000, 9.0
16.92000, 16.0
16.93000, 13.0
16.94000, 15.0
16.95000, 13.0
16.96000, 10.0
16.97000, 13.0
16.98000, 15.0
16.99000, 13.0
17.00000, 21.0
17.01000, 12.0
17.02000, 12.0
17.03000, 14.0
17.04000, 13.0
17.05000, 17.0
17.06000, 21.0
17.07000, 19.0
17.08000, 14.0
17.09000, 13.0
17.10000, 9.0
17.11000, 14.0
17.12000, 16.0
17.13000, 16.0
17.14000, 7.0
17.15000, 9.0
17.16000, 12.0
17.17000, 13.0
17.18000, 17.0
17.19000, 11.0
17.20000, 9.0
17.21000, 12.0
17.22000, 15.0
17.23000, 20.0
17.24000, 14.0
17.25000, 11.0
17.26000, 13.0
17.27000, 10.0
17.28000, 8.0
17.29000, 14.0
17.30000, 15.0
17.31000, 12.0
17.32000, 15.0
17.33000, 12.0
17.34000, 7.0
17.35000, 11.0
17.36000, 11.0
17.37000, 13.0
17.38000, 7.0
17.39000, 9.0
17.40000, 15.0
17.41000, 16.0
17.42000, 16.0
17.43000, 11.0
17.44000, 8.0
17.45000, 7.0
17.46000, 10.0
17.47000, 11.0
17.48000, 7.0
17.49000, 5.0
17.50000, 9.0
17.51000, 5.0
17.52000, 12.0
17.53000, 10.0
17.54000, 13.0
17.55000, 12.0
17.56000, 13.0
17.57000, 12.0
17.58000, 9.0
17.59000, 8.0
17.60000, 12.0
17.61000, 8.0
17.62000, 12.0
17.63000, 10.0
17.64000, 9.0
17.65000, 11.0
17.66000, 8.0
17.67000, 8.0
17.68000, 5.0
17.69000, 8.0
17.70000, 6.0
17.71000, 6.0
17.72000, 10.0
17.73000, 8.0
17.74000, 9.0
17.75000, 13.0
17.76000, 9.0
17.77000, 8.0
17.78000, 9.0
17.79000, 11.0
17.80000, 5.0
17.81000, 7.0
17.82000, 9.0
17.83000, 10.0
17.84000, 9.0
17.85000, 10.0
17.86000, 10.0
17.87000, 8.0
17.88000, 5.0
17.89000, 6.0
17.90000, 8.0
17.91000, 7.0
17.92000, 10.0
17.93000, 9.0
17.94000, 5.0
17.95000, 3.0
17.96000, 7.0
17.97000, 6.0
17.98000, 11.0
17.99000, 9.0
18.00000, 12.0
18.01000, 11.0
18.02000, 11.0
18.03000, 8.0
18.04000, 5.0
18.05000, 6.0
18.06000, 10.0
18.07000, 8.0
18.08000, 6.0
18.09000, 5.0
18.10000, 9.0
18.11000, 6.0
18.12000, 4.0
18.13000, 7.0
18.14000, 3.0
18.15000, 4.0
18.16000, 11.0
18.17000, 8.0
18.18000, 4.0
18.19000, 7.0
18.20000, 8.0
18.21000, 6.0
18.22000, 5.0
18.23000, 9.0
18.24000, 2.0
18.25000, 3.0
18.26000, 5.0
18.27000, 5.0
18.28000, 3.0
18.29000, 6.0
18.30000, 5.0
18.31000, 7.0
18.32000, 7.0
18.33000, 6.0
18.34000, 4.0
18.35000, 3.0
18.36000, 4.0
18.37000, 5.0
18.38000, 6.0
18.39000, 2.0
18.40000, 5.0
18.41000, 7.0
18.42000, 4.0
18.43000, 5.0
18.44000, 6.0
18.45000, 4.0
18.46000, 6.0
18.47000, 4.0
18.48000, 2.0
18.49000, 5.0
18.50000, 6.0
18.51000, 6.0
18.52000, 3.0
18.53000, 2.0
18.54000, 4.0
18.55000, 3.0
18.56000, 4.0
18.57000, 5.0
18.58000, 4.0
18.59000, 7.0
18.60000, 5.0
18.61000, 6.0
18.62000, 6.0
18.63000, 6.0
18.64000, 5.0
18.65000, 3.0
18.66000, 1.0
18.67000, 3.0
18.68000, 4.0
18.69000, 2.0
18.70000, 1.0
18.71000, 3.0
18.72000, 3.0
18.73000, 4.0
18.74000, 4.0
18.75000, 5.0
18.76000, 3.0
18.77000, 1.0
18.78000, 2.0
18.79000, 3.0
18.80000, 1.0
18.81000, 3.0
18.82000, 5.0
18.83000, 4.0
18.84000, 1.0
18.85000, 3.0
18.86000, 4.0
18.87000, 4.0
18.88000, 2.0
18.89000, 2.0
18.90000, 3.0
18.91000, 2.0
18.92000, 4.0
18.93000, 5.0
18.94000, 3.0
18.95000, 1.0
18.96000, 2.0
18.97000, 1.0
18.98000, 3.0
18.99000, 1.0
19.00000, 1.0
19.01000, 2.0
19.02000, 4.0
19.03000, 5.0
19.04000, 1.0
19.05000, 2.0
19.06000, 0.0
19.07000, 0.0
19.08000, 1.0
19.09000, 3.0
19.10000, 2.0
19.11000, 3.0
19.12000, 2.0
19.13000, 3.0
19.14000, 3.0
19.15000, 1.0
19.16000, 2.0
19.17000, 4.0
19.18000, 2.0
19.19000, 2.0
19.20000, 4.0
19.21000, 2.0
19.22000, 1.0
19.23000, 3.0
19.24000, 1.0
19.25000, 0.0
19.26000, 1.0
19.27000, 3.0
19.28000, 1.0
19.29000, 1.0
19.30000, 1.0
19.31000, 2.0
19.32000, 2.0
19.33000, 2.0
19.34000, 1.0
19.35000, 3.0
19.36000, 0.0
19.37000, 1.0
19.38000, 2.0
19.39000, 0.0
19.40000, 1.0
19.41000, 0.0
19.42000, 2.0
19.43000, 1.0
19.44000, 0.0
19.45000, 1.0
19.46000, 2.0
19.47000, 0.0
19.48000, 0.0
19.49000, 1.0
19.50000, 1.0
19.51000, 0.0
19.52000, 2.0
19.53000, 1.0
19.54000, 1.0
19.55000, 0.0
19.56000, 0.0
19.57000, 0.0
19.58000, 1.0
19.59000, 0.0
19.60000, 0.0
19.61000, 0.0
19.62000, 0.0
19.63000, 0.0
19.64000, 0.0
19.65000, 0.0
19.66000, 0.0
19.67000, 0.0
19.68000, 0.0
19.69000, 0.0
19.70000, 1.0
19.71000, 0.0
19.72000, 0.0
19.73000, 0.0
19.74000, 0.0
19.75000, 0.0
19.76000, 1.0
19.77000, 0.0
19.78000, 0.0
19.79000, 0.0
19.80000, 1.0
19.81000, 1.0
19.82000, 0.0
19.83000, 1.0
19.84000, 0.0
19.85000, 0.0
19.86000, 0.0
19.87000, 1.0
19.88000, 0.0
19.89000, 0.0
19.90000, 0.0
19.91000, 0.0
19.92000, 0.0
19.93000, 0.0
19.94000, 0.0
19.95000, 1.0
19.96000, 0.0
19.97000, 0.0
19.98000, 0.0
19.99000, 0.0
20.00000, 1.0
20.01000, 0.0
20.02000, 0.0
20.03000, 1.0
20.04000, 1.0
20.05000, 0.0
20.06000, 0.0
20.07000, 2.0
20.08000, 0.0
20.09000, 0.0
20.10000, 0.0
20.11000, 0.0
20.12000, 0.0
20.13000, 1.0
20.14000, 3.0
20.15000, 1.0
20.16000, 0.0
20.17000, 0.0
20.18000, 1.0
20.19000, 0.0
20.20000, 0.0
20.21000, 1.0
20.22000, 0.0
20.23000, 0.0
20.24000, 0.0
20.25000, 0.0
20.26000, 0.0
20.27000, 0.0
#ENDOFDATA   : 
